10285304,10285304
10325724,40420
10359936,34212
10390472,30536
10418568,28096
10444876,26308
10469796,24920
10493616,23820
10516484,22868
10538452,21968
10560260,21808
10582100,21840
10604044,21944
10626116,22072
10648304,22188
10670632,22328
10693108,22476
10715720,22612
10738476,22756
10761364,22888
10784364,23000
10807508,23144
10830744,23236
10854104,23360
10877572,23468
10901156,23584
10924856,23700
10948604,23748
10972420,23816
10996316,23896
11020268,23952
11044256,23988
11068332,24076
11092536,24204
11116804,24268
11141164,24360
11165620,24456
11190160,24540
11214784,24624
11239476,24692
11264244,24768
11289108,24864
11314040,24932
11339028,24988
11364096,25068
11389196,25100
11414376,25180
11439596,25220
11464872,25276
11490184,25312
11515568,25384
11541012,25444
11566504,25492
11592068,25564
11617668,25600
11643312,25644
11668928,25616
11694556,25628
11720208,25652
11745884,25676
11771608,25724
11797380,25772
11823188,25808
11849032,25844
11874916,25884
11900820,25904
11926764,25944
11952636,25872
11978516,25880
12004332,25816
12030184,25852
12056056,25872
12081972,25916
12107880,25908
12133844,25964
12159820,25976
12185860,26040
12211904,26044
12238000,26096
12264092,26092
12290212,26120
12316348,26136
12342464,26116
12368536,26072
12394632,26096
12420740,26108
12446872,26132
12473028,26156
12499220,26192
12525400,26180
12551616,26216
12577832,26216
12604100,26268
12630372,26272
12656692,26320
12683004,26312
12709340,26336
12735664,26324
12762032,26368
12788408,26376
12814812,26404
12841220,26408
12867664,26444
12894076,26412
12920516,26440
12946968,26452
12973440,26472
12999880,26440
13026348,26468
13052788,26440
13079252,26464
13105724,26472
13132224,26500
13158708,26484
13185196,26488
13211668,26472
13238144,26476
13264608,26464
13291080,26472
13317560,26480
13344068,26508
13370564,26496
13397096,26532
13423632,26536
13450192,26560
13476740,26548
13503288,26548
13529840,26552
13556420,26580
13582992,26572
13609584,26592
13636176,26592
13662800,26624
13689420,26620
13716052,26632
13742680,26628
13769300,26620
13795904,26604
13822560,26656
13849192,26632
13875868,26676
13902520,26652
13929220,26700
13955892,26672
13982612,26720
14009312,26700
14036008,26696
14062700,26692
14089416,26716
14116132,26716
14142864,26732
14169580,26716
14196308,26728
14222988,26680
14249716,26728
14276404,26688
14303112,26708
14329772,26660
14356476,26704
14383160,26684
14409876,26716
14436592,26716
14463312,26720
14490012,26700
14516728,26716
14543432,26704
14570176,26744
14596888,26712
14623608,26720
14650308,26700
14677040,26732
14703764,26724
14730520,26756
14757260,26740
14784024,26764
14810776,26752
14837528,26752
14864240,26712
14890900,26660
14917500,26600
14944132,26632
14970736,26604
14997352,26616
15023972,26620
15050620,26648
15077236,26616
15103868,26632
15130492,26624
15157148,26656
15183776,26628
15210440,26664
15237100,26660
15263740,26640
15290360,26620
15317004,26644
15343628,26624
15370292,26664
15396940,26648
15423576,26636
15450224,26648
15476888,26664
15503540,26652
15530228,26688
15556904,26676
15583612,26708
15610300,26688
15637028,26728
15663736,26708
15690464,26728
15717192,26728
15743944,26752
15770680,26736
15797440,26760
15824180,26740
15850960,26780
15877728,26768
15904504,26776
15931248,26744
15958000,26752
15984716,26716
16011432,26716
16038140,26708
16064840,26700
16091524,26684
16118220,26696
16144892,26672
16171592,26700
16198276,26684
16224988,26712
16251676,26688
16278412,26736
16305124,26712
16331860,26736
16358584,26724
16385320,26736
16412048,26728
16438800,26752
16465544,26744
16492312,26768
16519052,26740
16545820,26768
16572572,26752
16599328,26756
16626048,26720
16652760,26712
16679464,26704
16706116,26652
16732708,26592
16759312,26604
16785924,26612
16812556,26632
16839180,26624
16865828,26648
16892476,26648
16919152,26676
16945804,26652
16972448,26644
16999056,26608
17025680,26624
17052312,26632
17078932,26620
17105532,26600
17132164,26632
17158780,26616
17185396,26616
17212004,26608
17238632,26628
17265264,26632
17291908,26644
17318564,26656
17345236,26672
17371896,26660
17398552,26656
17425196,26644
17451884,26688
17478540,26656
17505236,26696
17531932,26696
17558644,26712
17585328,26684
17611976,26648
17638564,26588
17665180,26616
17691800,26620
17718444,26644
17745072,26628
17771692,26620
17798296,26604
17824928,26632
17851520,26592
17878120,26600
17904672,26552
17931180,26508
17957676,26496
17984208,26532
18010736,26528
18037288,26552
18063844,26556
18090412,26568
18116948,26536
18143536,26588
18170100,26564
18196708,26608
18223308,26600
18249928,26620
18276548,26620
18303204,26656
18329824,26620
18356456,26632
18383072,26616
18409716,26644
18436340,26624
18462948,26608
18489460,26512
18516000,26540
18542536,26536
18569104,26568
18595628,26524
18622192,26564
18648728,26536
18675280,26552
18701828,26548
18728404,26576
18754984,26580
18781560,26576
18808108,26548
18834660,26552
18861220,26560
18887800,26580
18914380,26580
18940940,26560
18967392,26452
18993864,26472
19020340,26476
19046776,26436
19073152,26376
19099564,26412
19125960,26396
19152392,26432
19178820,26428
19205280,26460
19231704,26424
19258160,26456
19284612,26452
19311068,26456
19337516,26448
19363980,26464
19390444,26464
19416944,26500
19443420,26476
19469920,26500
19496380,26460
19522884,26504
19549344,26460
19575768,26424
19602116,26348
19628436,26320
19654732,26296
19681084,26352
19707420,26336
19733756,26336
19760104,26348
19786472,26368
19812848,26376
19839236,26388
19865624,26388
19892048,26424
19918460,26412
19944888,26428
19971320,26432
19997776,26456
20024224,26448
20050692,26468
20077124,26432
20103576,26452
20129992,26416
20156440,26448
20182828,26388
20209248,26420
20235624,26376
20261972,26348
20288272,26300
20314608,26336
20340912,26304
20367244,26332
20393568,26324
20419896,26328
20446224,26328
20472568,26344
20498932,26364
20525304,26372
20551692,26388
20578088,26396
20604484,26396
20630900,26416
20657280,26380
20683668,26388
20710032,26364
20736436,26404
20762824,26388
20789216,26392
20815608,26392
20842036,26428
20868432,26396
20894840,26408
20921148,26308
20947416,26268
20973656,26240
20999916,26260
21026100,26184
21052292,26192
21078480,26188
21104700,26220
21130924,26224
21157152,26228
21183376,26224
21209632,26256
21235876,26244
21262132,26256
21288412,26280
21314692,26280
21340968,26276
21367284,26316
21393592,26308
21419932,26340
21446280,26348
21472656,26376
21499028,26372
21525436,26408
21551840,26404
21578232,26392
21604628,26396
21631048,26420
21657444,26396
21683856,26412
21710272,26416
21736636,26364
21762920,26284
21789212,26292
21815508,26296
21841816,26308
21868112,26296
21894448,26336
21920784,26336
21947160,26376
21973524,26364
21999924,26400
22026316,26392
22052728,26412
22079140,26412
22105584,26444
22132016,26432
22158472,26456
22184932,26460
22211416,26484
22237876,26460
22264352,26476
22290828,26476
22317312,26484
22343736,26424
22370148,26412
22396524,26376
22422928,26404
22449248,26320
22475576,26328
22501880,26304
22528232,26352
22554544,26312
22580816,26272
22607008,26192
22633228,26220
22659452,26224
22685684,26232
22711916,26232
22738184,26268
22764468,26284
22790764,26296
22817048,26284
22843360,26312
22869680,26320
22896028,26348
22922344,26316
22948692,26348
22975040,26348
23001420,26380
23027788,26368
23054120,26332
23080412,26292
23106728,26316
23133060,26332
23159420,26360
23185752,26332
23212116,26364
23238448,26332
23264832,26384
23291180,26348
23317544,26364
23343924,26380
23370328,26404
23396732,26404
23423164,26432
23449516,26352
23475844,26328
23502172,26328
23528536,26364
23554896,26360
23581284,26388
23607656,26372
23634032,26376
23660344,26312
23686624,26280
23712880,26256
23739184,26304
23765444,26260
23791756,26312
23818060,26304
23844404,26344
23870740,26336
23897104,26364
23923460,26356
23949844,26384
23976236,26392
24002648,26412
24029060,26412
24055488,26428
24081912,26424
24108372,26460
24134792,26420
24161244,26452
24187668,26424
24214128,26460
24240580,26452
24267076,26496
24293536,26460
24320004,26468
24346356,26352
24372696,26340
24398992,26296
24425300,26308
24451584,26284
24477880,26296
24504152,26272
24530448,26296
24556720,26272
24583020,26300
24609284,26264
24635580,26296
24661856,26276
24688132,26276
24714372,26240
24740660,26288
24766924,26264
24793236,26312
24819528,26292
24845828,26300
24872112,26284
24898444,26332
24924772,26328
24951124,26352
24977472,26348
25003856,26384
25030216,26360
25056604,26388
25082988,26384
25109416,26428
25135780,26364
25162164,26384
25188500,26336
25214860,26360
25241200,26340
25267540,26340
25293880,26340
25320232,26352
25346592,26360
25372972,26380
25399336,26364
25425728,26392
25452120,26392
25478524,26404
25504936,26412
25531360,26424
25557768,26408
25584184,26416
25610532,26348
25636820,26288
25663064,26244
25689308,26244
25715544,26236
25741788,26244
25768020,26232
25794296,26276
25820548,26252
25846812,26264
25873060,26248
25899316,26256
25925560,26244
25951828,26268
25978084,26256
26004344,26260
26030584,26240
26056852,26268
26083124,26272
26109432,26308
26135716,26284
26162048,26332
26188380,26332
26214732,26352
26241076,26344
26267440,26364
26293800,26360
26320212,26412
26346572,26360
26372956,26384
26399304,26348
26425688,26384
26452064,26376
26478460,26396
26504856,26396
26531248,26392
26557624,26376
26584016,26392
26610404,26388
26636820,26416
26663200,26380
26689604,26404
26715960,26356
26742256,26296
26768476,26220
26794712,26236
26820908,26196
26847156,26248
26873384,26228
26899656,26272
26925920,26264
26952216,26296
26978512,26296
27004848,26336
27031172,26324
27057524,26352
27083872,26348
27110252,26380
27136628,26376
27163024,26396
27189416,26392
27215828,26412
27242204,26376
27268600,26396
27294992,26392
27321376,26384
27347676,26300
27373932,26256
27400116,26184
27426296,26180
27452484,26188
27478668,26184
27504848,26180
27531072,26224
27557284,26212
27583532,26248
27609704,26172
27635848,26144
27661924,26076
27687996,26072
27714084,26088
27740216,26132
27766352,26136
27792512,26160
27818684,26172
27844916,26232
27871116,26200
27897356,26240
27923592,26236
27949800,26208
27975908,26108
28002024,26116
28028152,26128
28054320,26168
28080484,26164
28106684,26200
28132900,26216
28159144,26244
28185388,26244
28211604,26216
28237768,26164
28263964,26196
28290152,26188
28316400,26248
28342644,26244
28368904,26260
28395152,26248
28421420,26268
28447668,26248
28473964,26296
28500276,26312
28526584,26308
28552852,26268
28579096,26244
28605272,26176
28631420,26148
28657484,26064
28683544,26060
28709616,26072
28735740,26124
28761864,26124
28788036,26172
28814176,26140
28840352,26176
28866536,26184
28892752,26216
28918980,26228
28945236,26256
28971424,26188
28997620,26196
29023800,26180
29050016,26216
29076240,26224
29102496,26256
29128684,26188
29154820,26136
29180880,26060
29206952,26072
29233028,26076
29259148,26120
29285220,26072
29311284,26064
29337332,26048
29363420,26088
29389492,26072
29415600,26108
29441712,26112
29467804,26092
29493852,26048
29519932,26080
29546024,26092
29572144,26120
29598248,26104
29624404,26156
29650528,26124
29676688,26160
29702888,26200
29729080,26192
29755220,26140
29781336,26116
29807448,26112
29833612,26164
29859764,26152
29885932,26168
29912096,26164
29938292,26196
29964492,26200
29990644,26152
30016752,26108
30042568,25816
30066600,24032
30088228,21628
30107912,19684
30126260,18348
30143612,17352
30160348,16736
30176616,16268
30192496,15880
30208012,15516
30223204,15192
30238148,14944
30252880,14732
30267412,14532
30281768,14356
30295948,14180
30309992,14044
30323916,13924
30337732,13816
30351444,13712
30365064,13620
30378612,13548
30392088,13476
30405512,13424
30418840,13328
30432068,13228
30445284,13216
30458448,13164
30471524,13076
30484508,12984
30497476,12968
30510412,12936
30523312,12900
30536156,12844
30549012,12856
30561784,12772
30574556,12772
30587264,12708
30599944,12680
30612580,12636
30625188,12608
30637756,12568
30650304,12548
30662812,12508
30675308,12496
30687760,12452
30700208,12448
30712604,12396
30725008,12404
30737368,12360
30749728,12360
30762044,12316
30774360,12316
30786648,12288
30798944,12296
30811200,12256
30823468,12268
30835692,12224
30847924,12232
30860124,12200
30872340,12216
30884516,12176
30896716,12200
30908876,12160
30921048,12172
30933184,12136
30945336,12152
30957468,12132
30969604,12136
30981744,12140
30993896,12152
31006032,12136
31018176,12144
31030300,12124
31042420,12120
31054532,12112
31066652,12120
31078744,12092
31090848,12104
31102936,12088
31115028,12092
31127112,12084
31139188,12076
31151256,12068
31163340,12084
31175392,12052
31187472,12080
31199520,12048
31211588,12068
31223632,12044
31235684,12052
31247720,12036
31259784,12064
31271816,12032
31283864,12048
31295904,12040
31307944,12040
31319972,12028
31332012,12040
31344024,12012
31356072,12048
31368092,12020
31380128,12036
31392136,12008
31404176,12040
31416192,12016
31428232,12040
31440240,12008
31452276,12036
31464296,12020
31476356,12060
31488408,12052
31500472,12064
31512516,12044
31524568,12052
31536616,12048
31548668,12052
31560700,12032
31572764,12064
31584788,12024
31596852,12064
31608904,12052
31620988,12084
31633052,12064
31645136,12084
31657196,12060
31669276,12080
31681316,12040
31693396,12080
31705440,12044
31717512,12072
31729544,12032
31741608,12064
31753648,12040
31765704,12056
31777744,12040
31789808,12064
31801836,12028
31813896,12060
31825924,12028
31837976,12052
31850000,12024
31862060,12060
31874088,12028
31886148,12060
31898168,12020
31910220,12052
31922252,12032
31934292,12040
31946316,12024
31958368,12052
31970380,12012
31982432,12052
31994448,12016
32006488,12040
32018508,12020
32030552,12044
32042568,12016
32054608,12040
32066632,12024
32078672,12040
32090696,12024
32102724,12028
32114752,12028
32126796,12044
32138820,12024
32150856,12036
32162884,12028
32174920,12036
32186944,12024
32198980,12036
32211000,12020
32223052,12052
32235068,12016
32247120,12052
32259156,12036
32271212,12056
32283276,12064
32295356,12080
32307408,12052
32319496,12088
32331540,12044
32343644,12104
32355724,12080
32367844,12120
32379920,12076
32392036,12116
32404124,12088
32416232,12108
32428308,12076
32440400,12092
32452484,12084
32464576,12092
32476640,12064
32488732,12092
32500808,12076
32512892,12084
32524972,12080
32537088,12116
32549196,12108
32561300,12104
32573388,12088
32585500,12112
32597584,12084
32609692,12108
32621768,12076
32633876,12108
32645980,12104
32658108,12128
32670216,12108
32682340,12124
32694440,12100
32706572,12132
32718672,12100
32730780,12108
32742876,12096
32754992,12116
32767072,12080
32779172,12100
32791264,12092
32803352,12088
32815440,12088
32827532,12092
32839616,12084
32851692,12076
32863780,12088
32875856,12076
32887936,12080
32900016,12080
32912080,12064
32924156,12076
32936220,12064
32948296,12076
32960364,12068
32972440,12076
32984492,12052
32996568,12076
33008624,12056
33020700,12076
33032752,12052
33044832,12080
33056876,12044
33068948,12072
33080996,12048
33093072,12076
33105128,12056
33117200,12072
33129244,12044
33141320,12076
33153356,12036
33165468,12112
33177492,12024
33189560,12068
33201608,12048
33213684,12076
33225740,12056
33237804,12064
33249856,12052
33261916,12060
33273968,12052
33286060,12092
33298144,12084
33310236,12092
33322320,12084
33334416,12096
33346492,12076
33358588,12096
33370656,12068
33382752,12096
33394820,12068
33406908,12088
33418984,12076
33431064,12080
33443132,12068
33455216,12084
33467288,12072
33479364,12076
33491416,12052
33503484,12068
33515528,12044
33527572,12044
33539608,12036
33551644,12036
33563664,12020
33575696,12032
33587736,12040
33599784,12048
33611820,12036
33623888,12068
33635928,12040
33647976,12048
33660012,12036
33672072,12060
33684116,12044
33696168,12052
33708204,12036
33720260,12056
33732284,12024
33744344,12060
33756384,12040
33768428,12044
33780460,12032
33792512,12052
33804572,12060
33816652,12080
33828708,12056
33840784,12076
33852852,12068
33864928,12076
33876984,12056
33889064,12080
33901112,12048
33913192,12080
33925244,12052
33937312,12068
33949364,12052
33961424,12060
33973476,12052
33985544,12068
33997584,12040
34009648,12064
34021724,12076
34033816,12092
34045892,12076
34057980,12088
34070060,12080
34082148,12088
34094224,12076
34106316,12092
34118388,12072
34130468,12080
34142536,12068
34154620,12084
34166684,12064
34178756,12072
34190820,12064
34202920,12100
34215000,12080
34227100,12100
34239192,12092
34251316,12124
34263428,12112
34275552,12124
34287672,12120
34299800,12128
34311920,12120
34324064,12144
34336200,12136
34348332,12132
34360448,12116
34372576,12128
34384692,12116
34396816,12124
34408920,12104
34421036,12116
34433128,12092
34445244,12116
34457332,12088
34469436,12104
34481512,12076
34493620,12108
34505692,12072
34517780,12088
34529860,12080
34541948,12088
34554016,12068
34566108,12092
34578180,12072
34590284,12104
34602376,12092
34614496,12120
34626576,12080
34638680,12104
34650760,12080
34662860,12100
34674944,12084
34687036,12092
34699108,12072
34711200,12092
34723284,12084
34735396,12112
34747504,12108
34759616,12112
34771708,12092
34783820,12112
34795920,12100
34808028,12108
34820116,12088
34832216,12100
34844304,12088
34856396,12092
34868476,12080
34880564,12088
34892636,12072
34904728,12092
34916804,12076
34928912,12108
34941016,12104
34953144,12128
34965236,12092
34977352,12116
34989444,12092
35001548,12104
35013656,12108
35025772,12116
35037888,12116
35050024,12136
35062144,12120
35074276,12132
35086388,12112
35098508,12120
35110616,12108
35122740,12124
35134840,12100
35146952,12112
35159064,12112
35171168,12104
35183268,12100
35195368,12100
35207460,12092
35219564,12104
35231652,12088
35243776,12124
35255888,12112
35268024,12136
35280140,12116
35292272,12132
35304384,12112
35316504,12120
35328612,12108
35340728,12116
35352836,12108
35364952,12116
35377040,12088
35389160,12120
35401252,12092
35413356,12104
35425452,12096
35437560,12108
35449652,12092
35461772,12120
35473892,12120
35486024,12132
35498144,12120
35510276,12132
35522388,12112
35534524,12136
35546636,12112
35558764,12128
35570868,12104
35582996,12128
35595088,12092
35607208,12120
35619300,12092
35631420,12120
35643520,12100
35655624,12104
35667720,12096
35679836,12116
35691932,12096
35704060,12128
35716172,12112
35728312,12140
35740432,12120
35752564,12132
35764684,12120
35776820,12136
35788924,12104
35801064,12140
35813172,12108
35825296,12124
35837400,12104
35849520,12120
35861624,12104
35873740,12116
35885844,12104
35897960,12116
35910068,12108
35922172,12104
35934264,12092
35946384,12120
35958468,12084
35970592,12124
35982680,12088
35994788,12108
36006880,12092
36018980,12100
36031072,12092
36043172,12100
36055256,12084
36067364,12108
36079444,12080
36091552,12108
36103636,12084
36115736,12100
36127812,12076
36139912,12100
36151992,12080
36164088,12096
36176172,12084
36188264,12092
36200348,12084
36212440,12092
36224516,12076
36236608,12092
36248688,12080
36260772,12084
36272848,12076
36284940,12092
36297020,12080
36309112,12092
36321184,12072
36333276,12092
36345344,12068
36357432,12088
36369512,12080
36381596,12084
36393664,12068
36405744,12080
36417804,12060
36429884,12080
36441940,12056
36454004,12064
36466044,12040
36478092,12048
36490124,12032
36502160,12036
36514184,12024
36526224,12040
36538252,12028
36550304,12052
36562352,12048
36574460,12108
36586544,12084
36598664,12120
36610760,12096
36622904,12144
36635024,12120
36647180,12156
36659308,12128
36671460,12152
36683588,12128
36695728,12140
36707852,12124
36719996,12144
36732104,12108
36744244,12140
36756348,12104
36768484,12136
36780600,12116
36792724,12124
36804828,12104
36816960,12132
36829060,12100
36841176,12116
36853284,12108
36865416,12132
36877548,12132
36889696,12148
36901832,12136
36913980,12148
36926128,12148
36938296,12168
36950444,12148
36962616,12172
36974764,12148
