10315,10315
10354,39
10388,34
10418,30
10445,27
10472,27
10497,25
10520,23
10543,23
10566,23
10589,23
10611,22
10635,24
10658,23
10681,23
10704,23
10728,24
10752,24
10776,24
10800,24
10823,23
10848,25
10871,23
10896,25
10920,24
10945,25
10970,25
10994,24
11019,25
11043,24
11068,25
11092,24
11118,26
11143,25
11168,25
11193,25
11218,25
11243,25
11269,26
11294,25
11320,26
11345,25
11371,26
11397,26
11422,25
11448,26
11473,25
11499,26
11525,26
11550,25
11576,26
11601,25
11627,26
11653,26
11679,26
11705,26
11730,25
11757,27
11783,26
11808,25
11835,27
11860,25
11887,27
11913,26
11939,26
11965,26
11992,27
12017,25
12044,27
12069,25
12096,27
12123,27
12148,25
12175,27
12201,26
12227,26
12254,27
12279,25
12306,27
12333,27
12358,25
12385,27
12411,26
12438,27
12464,26
12490,26
12517,27
12544,27
12569,25
12596,27
12622,26
12649,27
12675,26
12701,26
12728,27
12754,26
12780,26
12807,27
12833,26
12860,27
12887,27
12913,26
12939,26
12965,26
12992,27
13019,27
13045,26
13072,27
13099,27
13125,26
13152,27
13177,25
13204,27
13231,27
13257,26
13284,27
13310,26
13337,27
13364,27
13389,25
13416,27
13443,27
13469,26
13496,27
13522,26
13548,26
13575,27
13601,26
13628,27
13655,27
13681,26
13708,27
13733,25
13760,27
13787,27
13813,26
13840,27
13867,27
13893,26
13920,27
13945,25
13972,27
13999,27
14025,26
14052,27
14078,26
14105,27
14132,27
14158,26
14185,27
14212,27
14238,26
14264,26
14290,26
14317,27
14344,27
14370,26
14397,27
14424,27
14450,26
14477,27
14503,26
14530,27
14557,27
14583,26
14610,27
14637,27
14663,26
14690,27
14716,26
14743,27
14770,27
14796,26
14823,27
14850,27
14876,26
14903,27
14929,26
14956,27
14983,27
15009,26
15035,26
15062,27
15088,26
15115,27
15140,25
15167,27
15194,27
15220,26
15247,27
15273,26
15300,27
15327,27
15352,25
15379,27
15406,27
15432,26
15459,27
15485,26
15512,27
15538,26
15564,26
15591,27
15618,27
15643,25
15670,27
15696,26
15723,27
15749,26
15775,26
15802,27
15828,26
15855,27
15882,27
15907,25
15934,27
15961,27
15987,26
16014,27
16040,26
16067,27
16094,27
16120,26
16146,26
16173,27
16199,26
16226,27
16252,26
16279,27
16306,27
16332,26
16359,27
16386,27
16412,26
16439,27
16465,26
16491,26
16518,27
16544,26
16571,27
16598,27
16624,26
16651,27
16677,26
16704,27
16731,27
16757,26
16783,26
16809,26
16836,27
16863,27
16889,26
16916,27
16943,27
16969,26
16995,26
17021,26
17048,27
17075,27
17101,26
17128,27
17155,27
17181,26
17208,27
17233,25
17260,27
17287,27
17313,26
17340,27
17367,27
17393,26
17420,27
17446,26
17473,27
17499,26
17525,26
17552,27
17579,27
17605,26
17632,27
17657,25
17684,27
17711,27
17737,26
17764,27
17789,25
17816,27
17843,27
17868,25
17895,27
17921,26
17947,26
17974,27
17999,25
18026,27
18053,27
18078,25
18105,27
18131,26
18157,26
18184,27
18210,26
18236,26
18263,27
18289,26
18315,26
18341,26
18368,27
18394,26
18420,26
18447,27
18472,25
18499,27
18525,26
18551,26
18578,27
18604,26
18630,26
18657,27
18682,25
18709,27
18736,27
18762,26
18788,26
18814,26
18841,27
18868,27
18894,26
18920,26
18947,27
18973,26
19000,27
19025,25
19052,27
19079,27
19105,26
19131,26
19158,27
19184,26
19211,27
19237,26
19263,26
19290,27
19316,26
19343,27
19369,26
19396,27
19423,27
19448,25
19475,27
19502,27
19528,26
19555,27
19581,26
19607,26
19634,27
19660,26
19687,27
19714,27
19739,25
19766,27
19792,26
19819,27
19846,27
19872,26
19898,26
19924,26
19951,27
19978,27
20003,25
20030,27
20057,27
20083,26
20109,26
20135,26
20162,27
20189,27
20215,26
20241,26
20268,27
20294,26
20321,27
20347,26
20374,27
20401,27
20427,26
20454,27
20480,26
20506,26
20533,27
20559,26
20586,27
20613,27
20639,26
20665,26
20691,26
20718,27
20745,27
20771,26
20798,27
20824,26
20850,26
20877,27
20903,26
20930,27
20957,27
20982,25
21009,27
21036,27
21062,26
21089,27
21115,26
21142,27
21169,27
21195,26
21221,26
21248,27
21274,26
21301,27
21327,26
21354,27
21381,27
21406,25
21433,27
21459,26
21486,27
21513,27
21539,26
21565,26
21592,27
21618,26
21645,27
21671,26
21697,26
21724,27
21750,26
21777,27
21803,26
21829,26
21856,27
21882,26
21909,27
21935,26
21961,26
21988,27
22014,26
22041,27
22068,27
22093,25
22120,27
22147,27
22173,26
22200,27
22226,26
22252,26
22279,27
22305,26
22332,27
22358,26
22384,26
22411,27
22436,25
22463,27
22490,27
22515,25
22542,27
22568,26
22595,27
22621,26
22647,26
22674,27
22701,27
22727,26
22753,26
22779,26
22806,27
22833,27
22859,26
22886,27
22913,27
22939,26
22965,26
22991,26
23018,27
23045,27
23071,26
23098,27
23123,25
23150,27
23177,27
23202,25
23229,27
23256,27
23281,25
23308,27
23334,26
23361,27
23387,26
23413,26
23440,27
23467,27
23492,25
23519,27
23545,26
23572,27
23598,26
23624,26
23651,27
23677,26
23704,27
23730,26
23756,26
23783,27
23810,27
23836,26
23863,27
23888,25
23915,27
23942,27
23968,26
23994,26
24020,26
24047,27
24073,26
24099,26
24126,27
24152,26
24178,26
24205,27
24230,25
24257,27
24284,27
24309,25
24336,27
24361,25
24388,27
24415,27
24440,25
24467,27
24494,27
24519,25
24546,27
24572,26
24599,27
24625,26
24651,26
24678,27
24705,27
24730,25
24757,27
24783,26
24810,27
24836,26
24862,26
24889,27
24915,26
24942,27
24968,26
24994,26
25021,27
25048,27
25074,26
25100,26
25126,26
25153,27
25179,26
25205,26
25232,27
25259,27
25284,25
25311,27
25337,26
25364,27
25391,27
25416,25
25443,27
25469,26
25496,27
25522,26
25548,26
25575,27
25602,27
25627,25
25654,27
25680,26
25707,27
25733,26
25759,26
25786,27
25812,26
25838,26
25865,27
25891,26
25918,27
25945,27
25971,26
25997,26
26023,26
26050,27
26077,27
26103,26
26130,27
26157,27
26183,26
26209,26
26235,26
26262,27
26289,27
26315,26
26341,26
26368,27
26393,25
26420,27
26445,25
26472,27
26498,26
26524,26
26550,26
26576,26
26602,26
26629,27
26654,25
26681,27
26706,25
26733,27
26759,26
26785,26
26812,27
26838,26
26864,26
26890,26
26916,26
26942,26
26969,27
26994,25
27021,27
27047,26
27073,26
27100,27
27126,26
27152,26
27179,27
27204,25
27231,27
27257,26
27283,26
27310,27
27335,25
27362,27
27388,26
27414,26
27441,27
27467,26
27493,26
27520,27
27546,26
27572,26
27598,26
27625,27
27651,26
27677,26
27704,27
27729,25
27756,27
27783,27
27808,25
27835,27
27862,27
27888,26
27914,26
27940,26
27967,27
27994,27
28019,25
28046,27
28072,26
28099,27
28125,26
28151,26
28178,27
28204,26
28230,26
28257,27
28282,25
28309,27
28336,27
28361,25
28388,27
28414,26
28440,26
28467,27
28493,26
28519,26
28546,27
28571,25
28598,27
28624,26
28650,26
28677,27
28702,25
28729,27
28754,25
28781,27
28808,27
28833,25
28860,27
28887,27
28913,26
28939,26
28965,26
28992,27
29019,27
29044,25
29071,27
29097,26
29124,27
29151,27
29177,26
29203,26
29230,27
29256,26
29283,27
29309,26
29336,27
29363,27
29389,26
29415,26
29442,27
29468,26
29495,27
29521,26
29547,26
29574,27
29600,26
29627,27
29654,27
29679,25
29706,27
29732,26
29759,27
29786,27
29812,26
29839,27
29865,26
29892,27
29919,27
29944,25
29971,27
29998,27
30024,26
30051,27
30075,24
30100,25
30123,23
30144,21
30166,22
30186,20
30205,19
30225,20
30244,19
30263,19
30281,18
30300,19
30318,18
30336,18
30353,17
30370,17
30388,18
30404,16
30422,18
30438,16
30454,16
30471,17
30487,16
30503,16
30520,17
30535,15
30552,17
30567,15
30583,16
30599,16
30614,15
30630,16
30646,16
30661,15
30676,15
30692,16
30707,15
30723,16
30738,15
30753,15
30768,15
30783,15
30798,15
30814,16
30828,14
30843,15
30859,16
30873,14
30888,15
30903,15
30918,15
30934,16
30948,14
30963,15
30978,15
30992,14
31007,15
31022,15
31037,15
31051,14
31067,16
31081,14
31095,14
31111,16
31125,14
31139,14
31155,16
31169,14
31183,14
31199,16
31213,14
31227,14
31243,16
31257,14
31271,14
31286,15
31301,15
31315,14
31330,15
31345,15
31360,15
31374,14
31388,14
31403,15
31418,15
31432,14
31447,15
31461,14
31476,15
31491,15
31505,14
31519,14
31534,15
31549,15
31563,14
31578,15
31592,14
31606,14
31622,16
31636,14
31650,14
31665,15
31679,14
31694,15
31709,15
31723,14
31737,14
31752,15
31766,14
31781,15
31796,15
31810,14
31824,14
31839,15
31853,14
31868,15
31883,15
31897,14
31911,14
31926,15
31940,14
31955,15
31970,15
31984,14
31998,14
32013,15
32027,14
32041,14
32057,16
32071,14
32086,15
32100,14
32114,14
32129,15
32144,15
32158,14
32173,15
32187,14
32201,14
32216,15
32230,14
32245,15
32260,15
32274,14
32288,14
32303,15
32317,14
32331,14
32347,16
32361,14
32375,14
32390,15
32404,14
32418,14
32433,15
32448,15
32462,14
32477,15
32491,14
32505,14
32520,15
32534,14
32549,15
32564,15
32578,14
32592,14
32607,15
32621,14
32635,14
32651,16
32665,14
32679,14
32694,15
32708,14
32722,14
32737,15
32751,14
32766,15
32781,15
32795,14
32809,14
32824,15
32838,14
32852,14
32867,15
32882,15
32897,15
32911,14
32925,14
32940,15
32954,14
32968,14
32983,15
32997,14
33012,15
33027,15
33041,14
33055,14
33070,15
33084,14
33098,14
33113,15
33127,14
33142,15
33157,15
33171,14
33185,14
33200,15
33214,14
33228,14
33243,15
33257,14
33272,15
33287,15
33301,14
33315,14
33330,15
33344,14
33358,14
33373,15
33387,14
33402,15
33417,15
33431,14
33445,14
33460,15
33474,14
33488,14
33503,15
33517,14
33531,14
33546,15
33560,14
33574,14
33589,15
33603,14
33617,14
33632,15
33646,14
33660,14
33675,15
33689,14
33703,14
33718,15
33732,14
33746,14
33761,15
33775,14
33789,14
33804,15
33818,14
33832,14
33847,15
33861,14
33875,14
33890,15
33904,14
33918,14
33933,15
33947,14
33960,13
33975,15
33989,14
34003,14
34018,15
34032,14
34046,14
34061,15
34075,14
34089,14
34104,15
34118,14
34132,14
34147,15
34160,13
34174,14
34189,15
