10278628,10278628
10320400,41772
10355264,34864
10386272,31008
10414688,28416
10441244,26556
10466372,25128
10490368,23996
10513400,23032
10535456,22056
10557292,21836
10579144,21852
10601100,21956
10623172,22072
10645412,22240
10667768,22356
10690272,22504
10712924,22652
10735704,22780
10758592,22888
10781624,23032
10804768,23144
10828032,23264
10851420,23388
10874916,23496
10898500,23584
10922196,23696
10946016,23820
10969944,23928
10994000,24056
11018132,24132
11042380,24248
11066708,24328
11091156,24448
11115684,24528
11140312,24628
11165016,24704
11189816,24800
11214684,24868
11239632,24948
11264656,25024
11289756,25100
11314916,25160
11340164,25248
11365464,25300
11390804,25340
11416212,25408
11441672,25460
11467180,25508
11492756,25576
11518380,25624
11544036,25656
11569744,25708
11595492,25748
11621288,25796
11647128,25840
11672972,25844
11698848,25876
11724760,25912
11750708,25948
11776668,25960
11802692,26024
11828724,26032
11854796,26072
11880884,26088
11907008,26124
11933116,26108
11959264,26148
11985424,26160
12011616,26192
12037824,26208
12064072,26248
12090292,26220
12116544,26252
12142808,26264
12169112,26304
12195396,26284
12221724,26328
12248040,26316
12274392,26352
12300764,26372
12327152,26388
12353556,26404
12379980,26424
12406408,26428
12432864,26456
12459288,26424
12485732,26444
12512184,26452
12538660,26476
12565132,26472
12591644,26512
12618144,26500
12644688,26544
12671212,26524
12697768,26556
12724296,26528
12750844,26548
12777380,26536
12803944,26564
12830508,26564
12857108,26600
12883700,26592
12910292,26592
12936852,26560
12963416,26564
12989968,26552
13016556,26588
13043104,26548
13069672,26568
13096212,26540
13122772,26560
13149296,26524
13175844,26548
13202396,26552
13228976,26580
13255540,26564
13282124,26584
13308688,26564
13335268,26580
13361840,26572
13388432,26592
13415012,26580
13441624,26612
13468228,26604
13494860,26632
13521472,26612
13548116,26644
13574752,26636
13601404,26652
13628036,26632
13654696,26660
13681348,26652
13708020,26672
13734680,26660
13761360,26680
13788032,26672
13814720,26688
13841360,26640
13867924,26564
13894424,26500
13920944,26520
13947468,26524
13974004,26536
14000556,26552
14027128,26572
14053684,26556
14080180,26496
14106656,26476
14133160,26504
14159680,26520
14186232,26552
14212784,26552
14239356,26572
14265936,26580
14292556,26620
14319156,26600
14345792,26636
14372412,26620
14399072,26660
14425712,26640
14452372,26660
14479020,26648
14505684,26664
14532344,26660
14559032,26688
14585712,26680
14612416,26704
14639108,26692
14665776,26668
14692448,26672
14719140,26692
14745792,26652
14772464,26672
14799140,26676
14825832,26692
14852520,26688
14879220,26700
14905860,26640
14932452,26592
14958980,26528
14985496,26516
15012012,26516
15038564,26552
15065108,26544
15091696,26588
15118272,26576
15144888,26616
15171496,26608
15198128,26632
15224760,26632
15251420,26660
15278064,26644
15304728,26664
15331404,26676
15358088,26684
15384776,26688
15411476,26700
15438132,26656
15464816,26684
15491488,26672
15518188,26700
15544872,26684
15571572,26700
15598244,26672
15624956,26712
15651644,26688
15678340,26696
15705012,26672
15731676,26664
15758264,26588
15784828,26564
15811404,26576
15838008,26604
15864600,26592
15891192,26592
15917768,26576
15944348,26580
15970924,26576
15997528,26604
16024108,26580
16050712,26604
16077280,26568
16103876,26596
16130388,26512
16156888,26500
16183376,26488
16209896,26520
16236408,26512
16262968,26560
16289504,26536
16316060,26556
16342592,26532
16369172,26580
16395712,26540
16422268,26556
16448792,26524
16475344,26552
16501888,26544
16528440,26552
16554904,26464
16581344,26440
16607688,26344
16634024,26336
16660344,26320
16686696,26352
16713044,26348
16739448,26404
16765836,26388
16792280,26444
16818708,26428
16845188,26480
16871648,26460
16898168,26520
16924668,26500
16951180,26512
16977672,26492
17004208,26536
17030732,26524
17057300,26568
17083868,26568
17110464,26596
17137056,26592
17163668,26612
17190208,26540
17216732,26524
17243248,26516
17269776,26528
17296296,26520
17322836,26540
17349376,26540
17375944,26568
17402516,26572
17429112,26596
17455704,26592
17482328,26624
17508948,26620
17535596,26648
17562236,26640
17588900,26664
17615560,26660
17642252,26692
17668928,26676
17695600,26672
17722252,26652
17748952,26700
17775632,26680
17802328,26696
17829016,26688
17855716,26700
17882396,26680
17909112,26716
17935804,26692
17962524,26720
17989236,26712
18015968,26732
18042688,26720
18069404,26716
18096076,26672
18122716,26640
18149268,26552
18175768,26500
18202196,26428
18228596,26400
18254988,26392
18281384,26396
18307768,26384
18334200,26432
18360624,26424
18387084,26460
18413536,26452
18440036,26500
18466496,26460
18492996,26500
18519468,26472
18545984,26516
18572496,26512
18599044,26548
18625580,26536
18652152,26572
18678716,26564
18705320,26604
18731872,26552
18758380,26508
18784852,26472
18811296,26444
18837688,26392
18864104,26416
18890536,26432
18917008,26472
18943472,26464
18969960,26488
18996432,26472
19022936,26504
19049428,26492
19075968,26540
19102500,26532
19129040,26540
19155608,26568
19182184,26576
19208764,26580
19235356,26592
19261920,26564
19288492,26572
19315032,26540
19341556,26524
19367996,26440
19394504,26508
19420956,26452
19447456,26500
19473900,26444
19500388,26488
19526852,26464
19553364,26512
19579856,26492
19606376,26520
19632904,26528
19659452,26548
19685992,26540
19712556,26564
19739116,26560
19765708,26592
19792288,26580
19818888,26600
19845492,26604
19872112,26620
19898716,26604
19925320,26604
19951872,26552
19978384,26512
20004776,26392
20031152,26376
20057504,26352
20083904,26400
20110300,26396
20136732,26432
20163168,26436
20189616,26448
20216032,26416
20242504,26472
20268936,26432
20295328,26392
20321684,26356
20348048,26364
20374340,26292
20400596,26256
20426832,26236
20453084,26252
20479268,26184
20505452,26184
20531652,26200
20557908,26256
20584136,26228
20610348,26212
20636504,26156
20662620,26116
20688728,26108
20714876,26148
20741052,26176
20767252,26200
20793468,26216
20819740,26272
20846004,26264
20872328,26324
20898644,26316
20925012,26368
20951376,26364
20977768,26392
21004172,26404
21030572,26400
21056976,26404
21083412,26436
21109816,26404
21136228,26412
21162624,26396
21189064,26440
21215508,26444
21241972,26464
21268452,26480
21294952,26500
21321456,26504
21347996,26540
21374520,26524
21401108,26588
21427632,26524
21454200,26568
21480724,26524
21507172,26448
21533572,26400
21559996,26424
21586428,26432
21612884,26456
21639336,26452
21665832,26496
21692312,26480
21718824,26512
21745300,26476
21771828,26528
21798340,26512
21824868,26528
21851408,26540
21877960,26552
21904520,26560
21931100,26580
21957664,26564
21984204,26540
22010664,26460
22037148,26484
22063612,26464
22090096,26484
22116568,26472
22143052,26484
22169516,26464
22195908,26392
22222276,26368
22248652,26376
22275052,26400
22301436,26384
22327812,26376
22354192,26380
22380584,26392
22407000,26416
22433416,26416
22459872,26456
22486312,26440
22512772,26460
22539208,26436
22565672,26464
22592144,26472
22618628,26484
22645120,26492
22671632,26512
22698144,26512
22724688,26544
22751224,26536
22777776,26552
22804320,26544
22830876,26556
22857400,26524
22883960,26560
22910512,26552
22937056,26544
22963588,26532
22990152,26564
23016692,26540
23043268,26576
23069828,26560
23096424,26596
23123012,26588
23149628,26616
23176236,26608
23202840,26604
23229420,26580
23256040,26620
23282644,26604
23309260,26616
23335868,26608
23362480,26612
23389004,26524
23415532,26528
23442064,26532
23468576,26512
23495076,26500
23521592,26516
23548108,26516
23574636,26528
23601144,26508
23627676,26532
23654188,26512
23680744,26556
23707220,26476
23733648,26428
23760076,26428
23786544,26468
23812996,26452
23839468,26472
23865948,26480
23892460,26512
23918960,26500
23945476,26516
23971992,26516
23998532,26540
24025044,26512
24051584,26540
24078112,26528
24104656,26544
24131156,26500
24157696,26540
24184200,26504
24210728,26528
24237240,26512
24263792,26552
24290324,26532
24316884,26560
24343436,26552
24370024,26588
24396592,26568
24423172,26580
24449732,26560
24476328,26596
24502900,26572
24529508,26608
24556100,26592
24582700,26600
24609252,26552
24635820,26568
24662364,26544
24688920,26556
24715428,26508
24741956,26528
24768468,26512
24794968,26500
24821480,26512
24847972,26492
24874472,26500
24900992,26520
24927504,26512
24954056,26552
24980592,26536
25007140,26548
25033660,26520
25060208,26548
25086760,26552
25113328,26568
25139892,26564
25166452,26560
25193020,26568
25219612,26592
25246200,26588
25272792,26592
25299388,26596
25326000,26612
25352596,26596
25379216,26620
25405816,26600
25432452,26636
25459060,26608
25485688,26628
25512308,26620
25538944,26636
25565544,26600
25592100,26556
25618572,26472
25645004,26432
25671404,26400
25697824,26420
25724252,26428
25750676,26424
25777088,26412
25803516,26428
25829916,26400
25856348,26432
25882772,26424
25909208,26436
25935612,26404
25962060,26448
25988484,26424
26014912,26428
26041372,26460
26067748,26376
26094168,26420
26120608,26440
26147064,26456
26173536,26472
26199976,26440
26226456,26480
26252900,26444
26279368,26468
26305816,26448
26332272,26456
26358724,26452
26385200,26476
26411672,26472
26438172,26500
26464660,26488
26491172,26512
26517684,26512
26544220,26536
26570748,26528
26597300,26552
26623836,26536
26650400,26564
26676952,26552
26703536,26584
26730100,26564
26756708,26608
26783252,26544
26809820,26568
26836356,26536
26862900,26544
26889440,26540
26916008,26568
26942572,26564
26969116,26544
26995648,26532
27022216,26568
27048772,26556
27075340,26568
27101880,26540
27128452,26572
27155004,26552
27181592,26588
27208128,26536
27234708,26580
27261268,26560
27287860,26592
27314440,26580
27341040,26600
27367632,26592
27394252,26620
27420852,26600
27447472,26620
27474064,26592
27500652,26588
27527228,26576
27553836,26608
27580444,26608
27607056,26612
27633628,26572
27660140,26512
27686536,26396
27712912,26376
27739264,26352
27765652,26388
27792020,26368
27818408,26388
27844744,26336
27871044,26300
27897284,26240
27923480,26196
27949608,26128
27975728,26120
28001852,26124
28028008,26156
28054176,26168
28080380,26204
28106568,26188
28132796,26228
28159028,26232
28185300,26272
28211568,26268
28237864,26296
28264164,26300
28290468,26304
28316776,26308
28343128,26352
28369464,26336
28395844,26380
28422220,26376
28448624,26404
28475028,26404
28501456,26428
28527844,26388
28554276,26432
28580688,26412
28607128,26440
28633492,26364
28659844,26352
28686180,26336
28712560,26380
28738924,26364
28765292,26368
28791636,26344
28818004,26368
28844364,26360
28870732,26368
28897104,26372
28923512,26408
28949920,26408
28976348,26428
29002780,26432
29029240,26460
29055696,26456
29082140,26444
29108512,26372
29134888,26376
29161284,26396
29187684,26400
29214100,26416
29240548,26448
29266968,26420
29293396,26428
29319812,26416
29346224,26412
29372644,26420
29399088,26444
29425492,26404
29451928,26436
29478360,26432
29504828,26468
29531280,26452
29557748,26468
29584212,26464
29610696,26484
29637168,26472
29663648,26480
29690104,26456
29716580,26476
29743060,26480
29769564,26504
29796060,26496
29822588,26528
29849108,26520
29875648,26540
29902168,26520
29928716,26548
29955272,26556
29981808,26536
30008344,26536
30034884,26540
30060028,25144
30081864,21836
30101020,19156
30118396,17376
30134544,16148
30149820,15276
30164456,14636
30178580,14124
30192316,13736
30205736,13420
30218892,13156
30231856,12964
30244612,12756
30257244,12632
30269736,12492
30282108,12372
30294372,12264
30306552,12180
30318628,12076
30330660,12032
30342608,11948
30354516,11908
30366356,11840
30378144,11788
30389848,11704
30401548,11700
30413200,11652
30424824,11624
30436372,11548
30447880,11508
30459360,11480
30470828,11468
30482248,11420
30493652,11404
30505008,11356
30516356,11348
30527660,11304
30538960,11300
30550224,11264
30561480,11256
30572704,11224
30583928,11224
30595104,11176
30606292,11188
30617440,11148
30628596,11156
30639716,11120
30650844,11128
30661948,11104
30673048,11100
30684128,11080
30695208,11080
30706252,11044
30717332,11080
30728364,11032
30739408,11044
30750424,11016
30761456,11032
30772448,10992
30783480,11032
30794452,10972
30805460,11008
30816436,10976
30827428,10992
30838384,10956
30849388,11004
30860328,10940
30871324,10996
30882260,10936
30893236,10976
30904164,10928
30915132,10968
30926052,10920
30937016,10964
30947932,10916
30958904,10972
30969816,10912
30980772,10956
30991692,10920
31002640,10948
31013544,10904
31024492,10948
31035408,10916
31046348,10940
31057252,10904
31068196,10944
31079092,10896
31090036,10944
31100940,10904
31111880,10940
31122764,10884
31133716,10952
31144600,10884
31155528,10928
31166412,10884
31177356,10944
31188248,10892
31199168,10920
31210064,10896
31220992,10928
31231876,10884
31242816,10940
31253696,10880
31264624,10928
31275512,10888
31286444,10932
31297324,10880
31308268,10944
31319144,10876
31330084,10940
31340972,10888
31351904,10932
31362784,10880
31373720,10936
31384600,10880
31395532,10932
31406412,10880
31417356,10944
31428224,10868
31439156,10932
31450040,10884
31460972,10932
31471860,10888
31482792,10932
31493676,10884
31504608,10932
31515488,10880
31526420,10932
31537292,10872
31548232,10940
31559120,10888
31570052,10932
31580932,10880
31591864,10932
31602748,10884
31613680,10932
31624572,10892
31635496,10924
31646384,10888
31657312,10928
31668184,10872
31679124,10940
31690004,10880
31700940,10936
31711816,10876
31722756,10940
31733632,10876
31744568,10936
31755440,10872
31766364,10924
31777252,10888
31788184,10932
31799068,10884
31810000,10932
31820872,10872
31831812,10940
31842696,10884
31853616,10920
31864504,10888
31875432,10928
31886316,10884
31897248,10932
31908124,10876
31919060,10936
31929940,10880
31940884,10944
31951768,10884
31962692,10924
31973576,10884
31984516,10940
31995392,10876
32006324,10932
32017204,10880
32028148,10944
32039020,10872
32049960,10940
32060832,10872
32071764,10932
32082652,10888
32093572,10920
32104464,10892
32115384,10920
32126260,10876
32137180,10920
32148056,10876
32158984,10928
32169868,10884
32180796,10928
32191672,10876
32202592,10920
32213472,10880
32224392,10920
32235272,10880
32246196,10924
32257064,10868
32267988,10924
32278860,10872
32289784,10924
32300644,10860
32311548,10904
32322412,10864
32333304,10892
32344152,10848
32355048,10896
32365892,10844
32376764,10872
32387616,10852
32398488,10872
32409332,10844
32420204,10872
32431032,10828
32441916,10884
32452728,10812
32463596,10868
32474416,10820
32485308,10892
32496104,10796
32506984,10880
32517796,10812
32528656,10860
32539496,10840
32550360,10864
32561192,10832
32572080,10888
32582920,10840
32593796,10876
32604632,10836
32615520,10888
32626348,10828
32637224,10876
32648056,10832
32658928,10872
32669748,10820
32680616,10868
32691424,10808
32702300,10876
32713116,10816
32723976,10860
32734780,10804
32745636,10856
32756456,10820
32767308,10852
32778108,10800
32788972,10864
32799772,10800
32810628,10856
32821432,10804
32832272,10840
32843080,10808
32853944,10864
32864764,10820
32875620,10856
32886448,10828
32897320,10872
32908144,10824
32919016,10872
32929840,10824
32940720,10880
32951552,10832
32962444,10892
32973280,10836
32984164,10884
32995008,10844
33005900,10892
33016748,10848
33027640,10892
33038496,10856
33049392,10896
33060240,10848
33071144,10904
33081996,10852
33092900,10904
33103752,10852
33114656,10904
33125512,10856
33136412,10900
33147276,10864
33158176,10900
33169032,10856
33179948,10916
33190804,10856
33201716,10912
33212580,10864
33223488,10908
33234348,10860
33245256,10908
33256136,10880
33267040,10904
33277908,10868
33288812,10904
33299684,10872
33310592,10908
33321464,10872
33332368,10904
33343244,10876
33354152,10908
33365016,10864
33375936,10920
33386800,10864
33397720,10920
33408596,10876
33419512,10916
33430384,10872
33441296,10912
33452156,10860
33463076,10920
33473956,10880
33484876,10920
33495740,10864
33506644,10904
33517508,10864
33528400,10892
33539256,10856
33550140,10884
33561000,10860
33571892,10892
33582740,10848
33593636,10896
33604488,10852
33615388,10900
33626240,10852
33637144,10904
33648004,10860
33658904,10900
33669760,10856
33680672,10912
33691528,10856
33702436,10908
33713288,10852
33724196,10908
33735060,10864
33745968,10908
33756832,10864
33767732,10900
33778600,10868
33789516,10916
33800376,10860
33811300,10924
33822160,10860
33833076,10916
33843944,10868
33854860,10916
33865740,10880
33876660,10920
33887536,10876
33898444,10908
33909320,10876
33920236,10916
33931116,10880
33942032,10916
33952908,10876
33963828,10920
33974708,10880
33985624,10916
33996504,10880
34007424,10920
34018312,10888
34029236,10924
34040108,10872
34051036,10928
34061920,10884
34072840,10920
34083720,10880
34094652,10932
34105528,10876
34116448,10920
34127336,10888
34138268,10932
34149148,10880
34160076,10928
34170952,10876
34181888,10936
34192764,10876
34203704,10940
34214592,10888
34225508,10916
34236404,10896
34247336,10932
34258224,10888
34269148,10924
34280036,10888
34290964,10928
34301848,10884
34312780,10932
34323660,10880
34334592,10932
34345484,10892
34356412,10928
34367308,10896
34378224,10916
34389116,10892
34400052,10936
34410944,10892
34421872,10928
34432752,10880
34443688,10936
34454568,10880
34465508,10940
34476396,10888
34487312,10916
34498208,10896
34509124,10916
34520020,10896
34530952,10932
34541836,10884
34552764,10928
34563648,10884
34574568,10920
34585452,10884
34596380,10928
34607272,10892
34618192,10920
34629084,10892
34640012,10928
34650896,10884
34661824,10928
34672712,10888
34683628,10916
34694524,10896
34705444,10920
34716336,10892
34727256,10920
34738152,10896
34749068,10916
34759956,10888
34770880,10924
34781768,10888
34792700,10932
34803592,10892
34814516,10924
34825392,10876
34836328,10936
34847216,10888
34858144,10928
34869028,10884
34879956,10928
34890848,10892
34901772,10924
34912660,10888
34923596,10936
34934484,10888
34945416,10932
34956304,10888
34967228,10924
34978116,10888
34989044,10928
34999944,10900
35010864,10920
35021756,10892
35032676,10920
35043572,10896
35054504,10932
35065396,10892
35076324,10928
35087208,10884
35098148,10940
35109040,10892
35119964,10924
35130856,10892
35141784,10928
35152684,10900
35163608,10924
35174504,10896
35185432,10928
35196332,10900
35207264,10932
35218160,10896
35229092,10932
35239980,10888
35250904,10924
35261804,10900
35272736,10932
35283624,10888
35294564,10940
35305448,10884
35316376,10928
35327268,10892
35338204,10936
35349096,10892
35360024,10928
35370920,10896
35381848,10928
35392740,10892
35403684,10944
35414576,10892
35425508,10932
35436404,10896
35447336,10932
35458236,10900
35469164,10928
35480064,10900
35490996,10932
35501904,10908
35512836,10932
35523732,10896
35534676,10944
35545584,10908
35556512,10928
35567408,10896
35578324,10916
35589204,10880
35600124,10920
35611000,10876
35621916,10916
35632788,10872
35643684,10896
35654548,10864
35665452,10904
35676312,10860
35687208,10896
35698084,10876
35708972,10888
35719840,10868
35730744,10904
35741628,10884
35752532,10904
35763416,10884
35774332,10916
35785212,10880
35796128,10916
35807016,10888
35817928,10912
35828820,10892
35839744,10924
35850636,10892
35861564,10928
35872448,10884
35883372,10924
35894280,10908
35905236,10956
35916092,10856
35927024,10932
35937920,10896
35948852,10932
35959748,10896
35970680,10932
35981580,10900
35992520,10940
36003420,10900
36014356,10936
36025268,10912
36036184,10916
36047092,10908
36058036,10944
36068940,10904
36079880,10940
36090780,10900
36101720,10940
36112640,10920
36123580,10940
36134492,10912
36145436,10944
36156344,10908
36167316,10972
36178204,10888
36189144,10940
36200056,10912
36211000,10944
36221924,10924
36232872,10948
36243780,10908
36254744,10964
36265656,10912
36276612,10956
36287516,10904
36298480,10964
36309396,10916
36320340,10944
36331268,10928
36342224,10956
36353128,10904
36364088,10960
36375008,10920
36385968,10960
36396876,10908
36407836,10960
36418764,10928
36429720,10956
36440632,10912
36451592,10960
36462516,10924
36473476,10960
36484392,10916
36495364,10972
36506276,10912
36517232,10956
36528164,10932
36539128,10964
36550044,10916
36561016,10972
36571940,10924
36582900,10960
36593828,10928
36604796,10968
36615728,10932
36626692,10964
36637624,10932
36648584,10960
36659516,10932
36670488,10972
36681412,10924
36692384,10972
36703308,10924
36714280,10972
36725224,10944
36736184,10960
36747128,10944
36758092,10964
36769024,10932
36779988,10964
36790920,10932
36801892,10972
36812824,10932
36823792,10968
36834716,10924
36845692,10976
36856612,10920
36867588,10976
36878512,10924
36889464,10952
36900392,10928
36911352,10960
36922288,10936
36933248,10960
36944168,10920
36955128,10960
36966044,10916
36977000,10956
36987916,10916
36998880,10964
37009800,10920
37020756,10956
37031680,10924
37042636,10956
37053556,10920
37064544,10988
37075424,10880
37086384,10960
37097304,10920
37108252,10948
37119180,10928
37130136,10956
37141048,10912
37152008,10960
37162928,10920
37173888,10960
37184800,10912
37195756,10956
37206676,10920
37217628,10952
37228540,10912
37239496,10956
37250416,10920
37261372,10956
37272284,10912
37283248,10964
37294144,10896
37305092,10948
37316012,10920
37326960,10948
37337880,10920
37348824,10944
37359740,10916
37370696,10956
37381608,10912
37392556,10948
37403472,10916
37414424,10952
37425336,10912
37436292,10956
37447200,10908
37458152,10952
37469064,10912
37480020,10956
37490936,10916
37501888,10952
37512804,10916
37523756,10952
37534676,10920
37545632,10956
37556548,10916
37567500,10952
37578420,10920
37589368,10948
37600284,10916
37611236,10952
37622152,10916
37633096,10944
37644016,10920
37654964,10948
37665884,10920
37676836,10952
37687756,10920
37698712,10956
37709620,10908
37720564,10944
37731484,10920
37742432,10948
37753352,10920
37764304,10952
37775220,10916
37786180,10960
37797096,10916
37808048,10952
37818964,10916
37829924,10960
37840832,10908
37851792,10960
37862708,10916
37873660,10952
37884572,10912
37895524,10952
37906456,10932
37917408,10952
37928312,10904
37939268,10956
37950180,10912
37961136,10956
37972044,10908
37983008,10964
37993912,10904
38004868,10956
38015780,10912
38026728,10948
38037644,10916
38048596,10952
38059512,10916
38070460,10948
38081368,10908
38092328,10960
38103244,10916
38114196,10952
38125112,10916
38136060,10948
38146976,10916
38157940,10964
38168844,10904
38179812,10968
38190716,10904
38201672,10956
38212584,10912
38223536,10952
38234460,10924
38245404,10944
38256320,10916
38267268,10948
38278196,10928
38289148,10952
38300064,10916
38311012,10948
38321920,10908
38332884,10964
38343792,10908
38354752,10960
38365668,10916
38376616,10948
38387536,10920
38398488,10952
38409408,10920
38420356,10948
38431276,10920
38442232,10956
38453144,10912
38464092,10948
38475016,10924
38485972,10956
38496884,10912
38507836,10952
38518764,10928
38529712,10948
38540640,10928
38551584,10944
38562508,10924
38573468,10960
38584376,10908
