9,9
141296,141287
141315,19
141332,17
141349,17
141084,-265
141102,18
141120,18
141137,17
141155,18
141172,17
141191,19
141208,17
141225,17
141243,18
141261,18
141279,18
141296,17
141315,19
141332,17
141349,17
10000,-131349
10271,271
10320,49
10358,38
10391,33
10421,30
10448,27
10474,26
10499,25
10522,23
10545,23
10568,23
10591,23
10613,22
10636,23
10659,23
10682,23
10705,23
10729,24
10752,23
10775,23
10799,24
10822,23
10847,25
10870,23
10894,24
10918,24
10942,24
10967,25
10990,23
11015,25
11039,24
11064,25
11088,24
11113,25
11138,25
11162,24
11188,26
11212,24
11237,25
11262,25
11287,25
11312,25
11337,25
11362,25
11387,25
11412,25
11438,26
11463,25
11488,25
11513,25
11538,25
11564,26
11589,25
11614,25
11639,25
11665,26
11689,24
11715,26
11741,26
11766,25
11791,25
11816,25
11842,26
11868,26
11893,25
11919,26
11944,25
11970,26
11996,26
12021,25
12047,26
12072,25
12098,26
12124,26
12149,25
12175,26
12200,25
12226,26
12252,26
12277,25
12303,26
12328,25
12354,26
12380,26
12406,26
12432,26
12457,25
12483,26
12510,27
12535,25
12561,26
12588,27
12613,25
12639,26
12665,26
12691,26
12717,26
12743,26
12769,26
12794,25
12820,26
12847,27
12872,25
12898,26
12923,25
12950,27
12976,26
13001,25
13027,26
13052,25
13078,26
13104,26
13129,25
13156,27
13181,25
13207,26
13233,26
13258,25
13284,26
13309,25
13335,26
13362,27
13387,25
13413,26
13438,25
13464,26
13491,27
13516,25
13542,26
13569,27
13594,25
13620,26
13646,26
13672,26
13698,26
13724,26
13750,26
13775,25
13802,27
13828,26
13854,26
13880,26
13906,26
13932,26
13959,27
13984,25
14011,27
14036,25
14062,26
14089,27
14114,25
14141,27
14167,26
14192,25
14219,27
14244,25
14270,26
14297,27
14322,25
14348,26
14373,25
14399,26
14426,27
14451,25
14477,26
14502,25
14529,27
14555,26
14580,25
14606,26
14631,25
14657,26
14684,27
14709,25
14735,26
14760,25
14787,27
14813,26
14838,25
14865,27
14891,26
14916,25
14943,27
14968,25
14994,26
15020,26
15046,26
15072,26
15097,25
15123,26
15149,26
15174,25
15201,27
15226,25
15252,26
15278,26
15304,26
15330,26
15355,25
15381,26
15408,27
15433,25
15459,26
15484,25
15511,27
15537,26
15562,25
15588,26
15613,25
15639,26
15665,26
15690,25
15716,26
15741,25
15766,25
15792,26
15817,25
15843,26
15868,25
15894,26
15920,26
15945,25
15971,26
15996,25
16022,26
16049,27
16074,25
16100,26
16125,25
16151,26
16177,26
16202,25
16228,26
16253,25
16279,26
16306,27
16331,25
16357,26
16384,27
16409,25
16435,26
16461,26
16487,26
16513,26
16538,25
16564,26
16589,25
16615,26
16642,27
16667,25
16693,26
16718,25
16745,27
16771,26
16796,25
16823,27
16848,25
16874,26
16900,26
16926,26
16952,26
16977,25
17004,27
17030,26
17055,25
17082,27
17107,25
17133,26
17159,26
17185,26
17211,26
17236,25
17262,26
17289,27
17314,25
17340,26
17366,26
17391,25
17418,27
17443,25
17469,26
17495,26
17520,25
17546,26
17571,25
17597,26
17623,26
17648,25
17674,26
17699,25
17725,26
17751,26
17776,25
17802,26
17828,26
17854,26
17880,26
17905,25
17931,26
17957,26
17983,26
18009,26
18034,25
18060,26
18086,26
18112,26
18138,26
18163,25
18189,26
18215,26
18241,26
18267,26
18292,25
18319,27
18344,25
18370,26
18396,26
18422,26
18448,26
18473,25
18499,26
18526,27
18551,25
18577,26
18604,27
18629,25
18655,26
18681,26
18707,26
18733,26
18759,26
18785,26
18810,25
18836,26
18863,27
18888,25
18914,26
18940,26
18966,26
18993,27
19018,25
19045,27
19070,25
19096,26
19123,27
19148,25
19175,27
19201,26
19226,25
19253,27
19278,25
19304,26
19330,26
19355,25
19381,26
19407,26
19433,26
19459,26
19484,25
19510,26
19536,26
19562,26
19588,26
19614,26
19640,26
19665,25
19691,26
19718,27
19743,25
19769,26
19794,25
19820,26
19846,26
19871,25
19897,26
19922,25
19948,26
19975,27
20000,25
20026,26
20051,25
20077,26
20103,26
20129,26
20155,26
20180,25
20206,26
20232,26
20257,25
20284,27
20310,26
20335,25
20361,26
20387,26
20413,26
20439,26
20464,25
20490,26
20515,25
20541,26
20567,26
20592,25
20618,26
20643,25
20669,26
20695,26
20720,25
20746,26
20771,25
20797,26
20823,26
20848,25
20874,26
20899,25
20925,26
20951,26
20976,25
21002,26
21027,25
21053,26
21079,26
21104,25
21131,27
21156,25
21182,26
21208,26
21234,26
21260,26
21285,25
21312,27
21338,26
21363,25
21390,27
21415,25
21442,27
21468,26
21494,26
21520,26
21547,27
21572,25
21599,27
21624,25
21650,26
21676,26
21702,26
21728,26
21753,25
21780,27
21806,26
21831,25
21858,27
21883,25
21909,26
21935,26
21960,25
21987,27
22012,25
22038,26
22064,26
22090,26
22116,26
22141,25
22168,27
22194,26
22219,25
22246,27
22272,26
22298,26
22324,26
22350,26
22376,26
22402,26
22428,26
22454,26
22480,26
22506,26
22533,27
22558,25
22584,26
22610,26
22636,26
22663,27
22688,25
22715,27
22740,25
22767,27
22793,26
22819,26
22845,26
22872,27
22897,25
22924,27
22950,26
22976,26
23003,27
23028,25
23055,27
23080,25
23107,27
23133,26
23159,26
23186,27
23212,26
23238,26
23264,26
23290,26
23316,26
23343,27
23369,26
23395,26
23421,26
23447,26
23474,27
23499,25
23526,27
23552,26
23578,26
23604,26
23630,26
23657,27
23683,26
23709,26
23735,26
23761,26
23787,26
23814,27
23839,25
23866,27
23891,25
23918,27
23944,26
23970,26
23996,26
24023,27
24048,25
24074,26
24099,25
24126,27
24152,26
24177,25
24203,26
24229,26
24255,26
24281,26
24306,25
24332,26
24357,25
24383,26
24409,26
24434,25
24460,26
24485,25
24511,26
24537,26
24562,25
24588,26
24613,25
24639,26
24665,26
24690,25
24716,26
24741,25
24767,26
24793,26
24818,25
24845,27
24870,25
24896,26
24922,26
24948,26
24974,26
24999,25
25025,26
25051,26
25076,25
25102,26
25128,26
25154,26
25180,26
25205,25
25231,26
25257,26
25283,26
25309,26
25334,25
25360,26
25385,25
25412,27
25438,26
25463,25
25489,26
25516,27
25541,25
25567,26
25593,26
25619,26
25645,26
25671,26
25697,26
25723,26
25749,26
25775,26
25801,26
25827,26
25853,26
25879,26
25906,27
25931,25
25957,26
25984,27
26009,25
26036,27
26061,25
26088,27
26114,26
26140,26
26166,26
26191,25
26218,27
26244,26
26269,25
26296,27
26321,25
26348,27
26374,26
26399,25
26426,27
26451,25
26478,27
26504,26
26530,26
26556,26
26582,26
26608,26
26634,26
26660,26
26686,26
26712,26
26738,26
26764,26
26789,25
26816,27
26842,26
26867,25
26893,26
26919,26
26945,26
26971,26
26996,25
27023,27
27048,25
27074,26
27101,27
27126,25
27152,26
27179,27
27204,25
27230,26
27256,26
27282,26
27309,27
27334,25
27360,26
27385,25
27412,27
27438,26
27463,25
27490,27
27515,25
27541,26
27568,27
27593,25
27620,27
27645,25
27671,26
27698,27
27723,25
27749,26
27776,27
27801,25
27828,27
27853,25
27880,27
27906,26
27931,25
27958,27
27983,25
28010,27
28036,26
28062,26
28088,26
28113,25
28140,27
28166,26
28192,26
28218,26
28244,26
28270,26
28296,26
28322,26
28348,26
28375,27
28400,25
28427,27
28452,25
28479,27
28505,26
28531,26
28557,26
28583,26
28610,27
28636,26
28662,26
28688,26
28715,27
28740,25
28766,26
28792,26
28818,26
28845,27
28870,25
28897,27
28922,25
28948,26
28975,27
29000,25
29027,27
29052,25
29079,27
29105,26
29130,25
29157,27
29182,25
29208,26
29235,27
29260,25
29287,27
29313,26
29339,26
29365,26
29390,25
29417,27
29443,26
29468,25
29495,27
29520,25
29547,27
29573,26
29598,25
29625,27
29650,25
29677,27
29703,26
29729,26
29755,26
29782,27
29807,25
29833,26
29859,26
29885,26
29911,26
29936,25
29963,27
29988,25
30014,26
30041,27
30066,25
30091,25
30115,24
30139,24
30162,23
30186,24
30209,23
30231,22
30254,23
30275,21
30297,22
30318,21
30340,22
30360,20
30382,22
30402,20
30423,21
30443,20
30462,19
30483,21
30502,19
30523,21
30542,19
30562,20
30581,19
30601,20
30620,19
30639,19
30658,19
30676,18
30696,20
30714,18
30734,20
30752,18
30771,19
30789,18
30808,19
30826,18
30845,19
30864,19
30882,18
30900,18
30918,18
30937,19
30955,18
30973,18
30992,19
31009,17
31028,19
31046,18
31065,19
31082,17
31100,18
31118,18
31136,18
31155,19
31172,17
31191,19
31208,17
31226,18
31244,18
31262,18
31280,18
31298,18
31315,17
31334,19
31351,17
31370,19
31387,17
31406,19
31423,17
31440,17
31459,19
31476,17
31495,19
31512,17
31529,17
31548,19
31565,17
31583,18
31601,18
31619,18
31637,18
31654,17
31672,18
31690,18
31708,18
31725,17
31744,19
31761,17
31778,17
31797,19
31814,17
31832,18
31850,18
31867,17
31885,18
31903,18
31921,18
31938,17
31955,17
31974,19
31991,17
32009,18
32027,18
32045,18
32062,17
32080,18
32098,18
32115,17
32134,19
32151,17
32168,17
32186,18
32204,18
32222,18
32239,17
32258,19
32275,17
32292,17
32310,18
32328,18
32346,18
32363,17
32381,18
32399,18
32416,17
32434,18
32452,18
32470,18
32487,17
32505,18
32523,18
32540,17
32558,18
32576,18
32593,17
32611,18
32629,18
32647,18
32664,17
32681,17
32700,19
32717,17
32735,18
32752,17
32771,19
32788,17
32805,17
32823,18
32841,18
32859,18
32876,17
32894,18
32912,18
32929,17
32947,18
32965,18
32983,18
33000,17
33017,17
33036,19
33053,17
33071,18
33088,17
33106,18
33124,18
33141,17
33159,18
33177,18
33195,18
33212,17
33229,17
33248,19
33265,17
33283,18
33301,18
33318,17
33336,18
33353,17
33372,19
33389,17
33406,17
33424,18
33442,18
33460,18
33477,17
33495,18
33513,18
33530,17
33548,18
33565,17
33584,19
33601,17
33618,17
33637,19
33654,17
33672,18
33689,17
33708,19
33725,17
33742,17
33760,18
33778,18
33796,18
33813,17
33831,18
33849,18
33866,17
33884,18
33902,18
33920,18
33937,17
33954,17
33973,19
33990,17
34008,18
34026,18
34043,17
34061,18
34078,17
34097,19
34114,17
34131,17
34150,19
34167,17
34185,18
34203,18
34221,18
34238,17
34255,17
34274,19
