10341900,10341900
10377744,35844
10409328,31584
10438152,28824
10464988,26836
10490332,25344
10514468,24136
10537552,23084
10559944,22392
10582204,22260
10604524,22320
10626908,22384
10649464,22556
10672140,22676
10694940,22800
10717876,22936
10740956,23080
10764124,23168
10787416,23292
10810816,23400
10834340,23524
10857972,23632
10881688,23716
10905492,23804
10929372,23880
10953368,23996
10977464,24096
11001628,24164
11025900,24272
11050224,24324
11074648,24424
11099152,24504
11123724,24572
11148372,24648
11173104,24732
11197932,24828
11222816,24884
11247796,24980
11272840,25044
11297940,25100
11323108,25168
11348316,25208
11373596,25280
11398900,25304
11424256,25356
11449668,25412
11475148,25480
11500676,25528
11526248,25572
11551888,25640
11577544,25656
11603272,25728
11629036,25764
11654840,25804
11680648,25808
11706496,25848
11732384,25888
11758308,25924
11784260,25952
11810252,25992
11836268,26016
11862304,26036
11888340,26036
11914404,26064
11940476,26072
11966604,26128
11992732,26128
12018884,26152
12045028,26144
12071216,26188
12097404,26188
12123632,26228
12149860,26228
12176136,26276
12202412,26276
12228720,26308
12255012,26292
12281340,26328
12307664,26324
12334008,26344
12360344,26336
12386712,26368
12413080,26368
12439480,26400
12465900,26420
12492332,26432
12518768,26436
12545240,26472
12571712,26472
12598204,26492
12624696,26492
12651220,26524
12677692,26472
12704196,26504
12730656,26460
12757176,26520
12783672,26496
12810208,26536
12836728,26520
12863304,26576
12889816,26512
12916352,26536
12942872,26520
12969412,26540
12995920,26508
13022480,26560
13049032,26552
13075612,26580
13102184,26572
13128780,26596
13155384,26604
13181996,26612
13208616,26620
13235220,26604
13261784,26564
13288324,26540
13314832,26508
13341376,26544
13367916,26540
13394440,26524
13420956,26516
13447496,26540
13474032,26536
13500568,26536
13527088,26520
13553648,26560
13580196,26548
13606756,26560
13633320,26564
13659920,26600
13686500,26580
13713104,26604
13739664,26560
13766228,26564
13792700,26472
13819164,26464
13845624,26460
13872112,26488
13898612,26500
13925128,26516
13951656,26528
13978196,26540
14004728,26532
14031264,26536
14057812,26548
14084376,26564
14110928,26552
14137504,26576
14164080,26576
14190684,26604
14217288,26604
14243904,26616
14270524,26620
14297168,26644
14323744,26576
14350280,26536
14376792,26512
14403336,26544
14429888,26552
14456452,26564
14483024,26572
14509616,26592
14536212,26596
14562824,26612
14589444,26620
14616076,26632
14642632,26556
14669132,26500
14695576,26444
14722056,26480
14748520,26464
14775032,26512
14801536,26504
14828076,26540
14854600,26524
14881148,26548
14907628,26480
14934100,26472
14960548,26448
14987044,26496
15013516,26472
15040036,26520
15066560,26524
15093084,26524
15119592,26508
15146116,26524
15172616,26500
15199056,26440
15225428,26372
15251780,26352
15278140,26360
15304508,26368
15330804,26296
15357088,26284
15383372,26284
15409680,26308
15435964,26284
15462300,26336
15488624,26324
15514960,26336
15541280,26320
15567596,26316
15593916,26320
15620260,26344
15646604,26344
15672916,26312
15699144,26228
15725388,26244
15751632,26244
15777896,26264
15804140,26244
15830356,26216
15856528,26172
15882736,26208
15908924,26188
15935160,26236
15961412,26252
15987700,26288
16013996,26296
16040328,26332
16066608,26280
16092828,26220
16119004,26176
16145164,26160
16171308,26144
16197500,26192
16223712,26212
16249968,26256
16276220,26252
16302468,26248
16328648,26180
16354876,26228
16381104,26228
16407376,26272
16433672,26296
16459984,26312
16486328,26344
16512692,26364
16539012,26320
16565300,26288
16591576,26276
16617892,26316
16644188,26296
16670472,26284
16696704,26232
16722976,26272
16749264,26288
16775588,26324
16801904,26316
16828244,26340
16854568,26324
16880884,26316
16907116,26232
16933372,26256
16959652,26280
16985964,26312
17012272,26308
17038588,26316
17064916,26328
17091268,26352
17117628,26360
17144000,26372
17170356,26356
17196732,26376
17223116,26384
17249536,26420
17275952,26416
17302356,26404
17328748,26392
17355152,26404
17381528,26376
17407936,26408
17434340,26404
17460752,26412
17487156,26404
17513600,26444
17540056,26456
17566460,26404
17592892,26432
17619336,26444
17645800,26464
17672272,26472
17698744,26472
17725228,26484
17751684,26456
17778192,26508
17804688,26496
17831216,26528
17857740,26524
17884288,26548
17910824,26536
17937388,26564
17963944,26556
17990524,26580
18017104,26580
18043704,26600
18070284,26580
18096876,26592
18123448,26572
18150056,26608
18176624,26568
18203220,26596
18229800,26580
18256408,26608
18282964,26556
18309544,26580
18336124,26580
18362708,26584
18389304,26596
18415912,26608
18442512,26600
18469144,26632
18495724,26580
18522348,26624
18548916,26568
18575536,26620
18602140,26604
18628768,26628
18655376,26608
18681964,26588
18708452,26488
18734924,26472
18761408,26484
18787876,26468
18814348,26472
18840864,26516
18867364,26500
18893904,26540
18920428,26524
18946956,26528
18973428,26472
18999916,26488
19026340,26424
19052688,26348
19078988,26300
19105256,26268
19131432,26176
19157616,26184
19183796,26180
19210008,26212
19236224,26216
19262456,26232
19288624,26168
19314816,26192
19341004,26188
19367164,26160
19393280,26116
19419340,26060
19445356,26016
19471352,25996
19497340,25988
19523380,26040
19549416,26036
19575508,26092
19601552,26044
19627588,26036
19653556,25968
19679524,25968
19705516,25992
19731540,26024
19757588,26048
19783656,26068
19809708,26052
19835772,26064
19861756,25984
19887728,25972
19913696,25968
19939708,26012
19965736,26028
19991804,26068
20017852,26048
20043936,26084
20070012,26076
20096120,26108
20122244,26124
20148416,26172
20174584,26168
20200792,26208
20226960,26168
20253188,26228
20279412,26224
20305688,26276
20331932,26244
20358128,26196
20384240,26112
20410328,26088
20436408,26080
20462548,26140
20488680,26132
20514840,26160
20540972,26132
20567132,26160
20593288,26156
20619496,26208
20645716,26220
20671944,26228
20698100,26156
20724224,26124
20750328,26104
20776476,26148
20802648,26172
20828824,26176
20854996,26172
20881212,26216
20907424,26212
20933680,26256
20959984,26304
20986248,26264
21012556,26308
21038896,26340
21065228,26332
21091576,26348
21117908,26332
21144276,26368
21170640,26364
21196992,26352
21223260,26268
21249552,26292
21275836,26284
21302152,26316
21328456,26304
21354764,26308
21381112,26348
21407424,26312
21433732,26308
21459996,26264
21486244,26248
21512524,26280
21538800,26276
21565116,26316
21591428,26312
21617776,26348
21644100,26324
21670448,26348
21696796,26348
21723184,26388
21749552,26368
21775944,26392
21802316,26372
21828744,26428
21855140,26396
21881552,26412
21907944,26392
21934336,26392
21960728,26392
21987128,26400
22013508,26380
22039908,26400
22066268,26360
22092588,26320
22118844,26256
22145132,26288
22171420,26288
22197728,26308
22224060,26332
22250416,26356
22276756,26340
22303104,26348
22329448,26344
22355820,26372
22382148,26328
22408432,26284
22434656,26224
22460868,26212
22487088,26220
22513340,26252
22539604,26264
22565896,26292
22592200,26304
22618536,26336
22644864,26328
22671232,26368
22697600,26368
22724008,26408
22750384,26376
22776768,26384
22803172,26404
22829572,26400
22855952,26380
22882360,26408
22908744,26384
22935140,26396
22961492,26352
22987872,26380
23014244,26372
23040664,26420
23067060,26396
23093488,26428
23119916,26428
23146312,26396
23172636,26324
23198984,26348
23225336,26352
23251728,26392
23278104,26376
23304512,26408
23330876,26364
23357292,26416
23383688,26396
23410080,26392
23436468,26388
23462904,26436
23489320,26416
23515752,26432
23542164,26412
23568580,26416
23595012,26432
23621424,26412
23647808,26384
23674212,26404
23700616,26404
23727048,26432
23753428,26380
23779856,26428
23806256,26400
23832676,26420
23859060,26384
23885484,26424
23911892,26408
23938240,26348
23964524,26284
23990780,26256
24017036,26256
24043296,26260
24069564,26268
24095860,26296
24122112,26252
24148396,26284
24174668,26272
24200972,26304
24227288,26316
24253624,26336
24279948,26324
24306272,26324
24332608,26336
24358960,26352
24385296,26336
24411660,26364
24437996,26336
24464360,26364
24490724,26364
24517116,26392
24543520,26404
24569936,26416
24596364,26428
24622812,26448
24649256,26444
24675716,26460
24702180,26464
24728664,26484
24755132,26468
24781620,26488
24808096,26476
24834592,26496
24861104,26512
24887624,26520
24914136,26512
24940684,26548
24967208,26524
24993740,26532
25020248,26508
25046756,26508
25073188,26432
25099592,26404
25125908,26316
25152200,26292
25178400,26200
25204616,26216
25230804,26188
25257020,26216
25283240,26220
25309464,26224
25335704,26240
25361972,26268
25388236,26264
25414528,26292
25440832,26304
25467128,26296
25493420,26292
25519704,26284
25545992,26288
25572300,26308
25598584,26284
25624904,26320
25651212,26308
25677568,26356
25703900,26332
25730204,26304
25756452,26248
25782700,26248
25808944,26244
25835220,26276
25861488,26268
25887792,26304
25914108,26316
25940440,26332
25966760,26320
25993132,26372
26019496,26364
26045864,26368
26072216,26352
26098588,26372
26124960,26372
26151336,26376
26177700,26364
26204108,26408
26230512,26404
26256900,26388
26283200,26300
26309476,26276
26335676,26200
26361920,26244
26388144,26224
26414400,26256
26440644,26244
26466924,26280
26493192,26268
26519508,26316
26545812,26304
26572160,26348
26598496,26336
26624832,26336
26651152,26320
26677516,26364
26703868,26352
26730240,26372
26756592,26352
26782988,26396
26809352,26364
26835708,26356
26862044,26336
26888388,26344
26914648,26260
26940900,26252
26967136,26236
26993388,26252
27019576,26188
27045720,26144
27071816,26096
27097864,26048
27123884,26020
27149940,26056
27176008,26068
27202124,26116
27228220,26096
27254376,26156
27280504,26128
27306656,26152
27332816,26160
27358984,26168
27385072,26088
27411172,26100
27437280,26108
27463416,26136
27489552,26136
27515680,26128
27541816,26136
27567948,26132
27594068,26120
27620224,26156
27646380,26156
27672564,26184
27698764,26200
27724972,26208
27751112,26140
27777276,26164
27803448,26172
27829636,26188
27855820,26184
27882024,26204
27908216,26192
27934412,26196
27960612,26200
27986856,26244
28013084,26228
28039340,26256
28065556,26216
28091812,26256
28118044,26232
28144224,26180
28170352,26128
28196440,26088
28222480,26040
28248504,26024
28274552,26048
28300632,26080
28326700,26068
28352780,26080
28378852,26072
28404932,26080
28431000,26068
28457096,26096
28483204,26108
28509336,26132
28535480,26144
28561636,26156
28587760,26124
28613912,26152
28640040,26128
28666180,26140
28692324,26144
28718472,26148
28744584,26112
28770672,26088
28796748,26076
28822872,26124
28848976,26104
28875096,26120
28901208,26112
28927352,26144
28953492,26140
28979684,26192
29005876,26192
29032028,26152
29058136,26108
29084276,26140
29110376,26100
29136520,26144
29162656,26136
29188828,26172
29215016,26188
29241236,26220
29267436,26200
29293676,26240
29319928,26252
29346204,26276
29372472,26268
29398752,26280
29425004,26252
29451300,26296
29477588,26288
29503908,26320
29530232,26324
29556576,26344
29582884,26308
29609228,26344
29635556,26328
29661932,26376
29688304,26372
29714696,26392
29741100,26404
29767520,26420
29793896,26376
29820304,26408
29846700,26396
29873100,26400
29899476,26376
29925888,26412
29952292,26404
29978724,26432
30005144,26420
30031592,26448
30057008,25416
30079120,22112
30097948,18828
30114520,16572
30129604,15084
30143704,14100
30157064,13360
30169832,12768
30182148,12316
30194112,11964
30205788,11676
30217244,11456
30228508,11264
30239636,11128
30250624,10988
30261520,10896
30272300,10780
30283008,10708
30293632,10624
30304244,10612
30314744,10500
30325264,10520
30335700,10436
30346116,10416
30356448,10332
30366792,10344
30377068,10276
30387360,10292
30397596,10236
30407852,10256
30418016,10164
30428184,10168
30438332,10148
30448460,10128
30458572,10112
30468660,10088
30478728,10068
30488788,10060
30498832,10044
30508856,10024
30518872,10016
30528876,10004
30538864,9988
30548836,9972
30558796,9960
30568748,9952
30578688,9940
30588624,9936
30598544,9920
30608464,9920
30618376,9912
30628288,9912
30638192,9904
30648096,9904
30657988,9892
30667880,9892
30677768,9888
30687652,9884
30697528,9876
30707408,9880
30717272,9864
30727148,9876
30737012,9864
30746876,9864
30756736,9860
30766600,9864
30776452,9852
30786312,9860
30796148,9836
30806008,9860
30815844,9836
30825704,9860
30835540,9836
30845384,9844
30855228,9844
30865068,9840
30874896,9828
30884744,9848
30894580,9836
30904404,9824
30914220,9816
30924044,9824
30933860,9816
30943684,9824
30953496,9812
30963312,9816
30973124,9812
30982956,9832
30992768,9812
31002580,9812
31012384,9804
31022200,9816
31032000,9800
31041816,9816
31051628,9812
31061436,9808
31071248,9812
31081052,9804
31090864,9812
31100668,9804
31110468,9800
31120268,9800
31130068,9800
31139876,9808
31149668,9792
31159464,9796
31169268,9804
31179064,9796
31188872,9808
31198668,9796
31208468,9800
31218268,9800
31228068,9800
31237872,9804
31247684,9812
31257484,9800
31267284,9800
31277092,9808
31286900,9808
31296708,9808
31306512,9804
31316324,9812
31326128,9804
31335936,9808
31345756,9820
31355552,9796
31365372,9820
31375184,9812
31385028,9844
31394800,9772
31404612,9812
31414420,9808
31424228,9808
31434052,9824
31443852,9800
31453668,9816
31463488,9820
31473296,9808
31483116,9820
31492924,9808
31502740,9816
31512552,9812
31522368,9816
31532172,9804
31541984,9812
31551788,9804
31561588,9800
31571404,9816
31581212,9808
31591016,9804
31600824,9808
31610632,9808
31620440,9808
31630244,9804
31640040,9796
31649852,9812
31659656,9804
31669468,9812
31679272,9804
31689084,9812
31698888,9804
31708700,9812
31718508,9808
31728312,9804
31738124,9812
31747916,9792
31757740,9824
31767544,9804
31777356,9812
31787152,9796
31796968,9816
31806780,9812
31816584,9804
31826396,9812
31836204,9808
31846016,9812
31855820,9804
31865632,9812
31875452,9820
31885260,9808
31895064,9804
31904880,9816
31914696,9816
31924496,9800
31934312,9816
31944120,9808
31953936,9816
31963752,9816
31973564,9812
31983368,9804
31993180,9812
32002992,9812
32012796,9804
32022612,9816
32032420,9808
32042236,9816
32052032,9796
32061848,9816
32071656,9808
32081464,9808
32091276,9812
32101080,9804
32110892,9812
32120708,9816
32130516,9808
32140324,9808
32150128,9804
32159940,9812
32169744,9804
32179564,9820
32189368,9804
32199176,9808
32208988,9812
32218804,9816
32228616,9812
32238416,9800
32248228,9812
32258044,9816
32267856,9812
32277676,9820
32287480,9804
32297288,9808
32307108,9820
32316916,9808
32326728,9812
32336544,9816
32346356,9812
32356172,9816
32365988,9816
32375820,9832
32385632,9812
32395448,9816
32405256,9808
32415076,9820
32424896,9820
32434716,9820
32444544,9828
32454360,9816
32464168,9808
32473988,9820
32483808,9820
32493620,9812
32503436,9816
32513248,9812
32523072,9824
32532876,9804
32542684,9808
32552504,9820
32562308,9804
32572120,9812
32581952,9832
32591736,9784
32601544,9808
32611356,9812
32621176,9820
32630972,9796
32640788,9816
32650588,9800
32660388,9800
32670188,9800
32679984,9796
32689788,9804
32699600,9812
32709392,9792
32719200,9808
32728992,9792
32738788,9796
32748588,9800
32758392,9804
32768192,9800
32777988,9796
32787800,9812
32797588,9788
32807384,9796
32817176,9792
32826964,9788
32836772,9808
32846560,9788
32856368,9808
32866164,9796
32875964,9800
32885780,9816
32895576,9796
32905372,9796
32915188,9816
32924984,9796
32934800,9816
32944608,9808
32954416,9808
32964216,9800
32974028,9812
32983840,9812
32993652,9812
33003464,9812
33013276,9812
33023080,9804
33032888,9808
33042704,9816
33052516,9812
33062316,9800
33072136,9820
33081936,9800
33091732,9796
33101548,9816
33111360,9812
33121160,9800
33130972,9812
33140780,9808
33150584,9804
33160392,9808
33170200,9808
33180008,9808
33189824,9816
33199632,9808
33209444,9812
33219260,9816
33229068,9808
33238872,9804
33248684,9812
33258504,9820
33268308,9804
33278120,9812
33287940,9820
33297744,9804
33307564,9820
33317368,9804
33327180,9812
33336996,9816
33346808,9812
33356620,9812
33366440,9820
33376248,9808
33386064,9816
33395880,9816
33405688,9808
33415508,9820
33425312,9804
33435132,9820
33444944,9812
33454760,9816
33464612,9852
33474396,9784
33484204,9808
33494032,9828
33503832,9800
33513648,9816
33523468,9820
33533272,9804
33543084,9812
33552900,9816
33562704,9804
33572512,9808
33582332,9820
33592144,9812
33601952,9808
33611768,9816
33621576,9808
33631372,9796
33641172,9800
33650972,9800
33660760,9788
33670528,9768
33680316,9788
33690084,9768
33699864,9780
33709652,9788
33719436,9784
33729228,9792
33739008,9780
33748800,9792
33758592,9792
33768384,9792
33778192,9808
33787992,9800
33797796,9804
33807592,9796
33817408,9816
33827216,9808
33837032,9816
33846844,9812
33856652,9808
33866460,9808
33876264,9804
33886072,9808
33895892,9820
33905736,9844
33915516,9780
33925332,9816
33935144,9812
33944972,9828
33954788,9816
33964608,9820
33974420,9812
33984236,9816
33994060,9824
34003876,9816
34013700,9824
34023520,9820
34033344,9824
34043160,9816
34052972,9812
34062788,9816
34072616,9828
34082428,9812
34092244,9816
34102044,9800
34111856,9812
34121656,9800
34131468,9812
34141276,9808
34151068,9792
34160876,9808
34170680,9804
34180488,9808
34190292,9804
34200100,9808
34209912,9812
34219728,9816
34229540,9812
34239356,9816
34249172,9816
34258980,9808
34268796,9816
34278608,9812
34288424,9816
34298248,9824
34308052,9804
34317872,9820
34327700,9828
34337528,9828
34347352,9824
34357172,9820
34366996,9824
34376820,9824
34386644,9824
34396476,9832
34406300,9824
34416132,9832
34425960,9828
34435800,9840
34445624,9824
34455452,9828
34465280,9828
34475100,9820
34484932,9832
34494752,9820
34504568,9816
34514396,9828
34524216,9820
34534036,9820
34543884,9848
34553680,9796
34563496,9816
34573324,9828
34583136,9812
34592952,9816
34602760,9808
34612580,9820
34622392,9812
34632204,9812
34642028,9824
34651832,9804
34661656,9824
34671460,9804
34681268,9808
34691096,9828
34700912,9816
34710736,9824
34720568,9832
34730392,9824
34740228,9836
34750048,9820
34759884,9836
34769704,9820
34779540,9836
34789372,9832
34799196,9824
34809036,9840
34818880,9844
34828716,9836
34838552,9836
34848400,9848
34858232,9832
34868080,9848
34877928,9848
34887768,9840
34897612,9844
34907464,9852
34917308,9844
34927144,9836
34936996,9852
34946832,9836
34956676,9844
34966516,9840
34976360,9844
34986192,9832
34996032,9840
35005884,9852
35015720,9836
35025568,9848
35035416,9848
35045264,9848
35055128,9864
35064980,9852
35074828,9848
35084688,9860
35094544,9856
35104400,9856
35114252,9852
35124096,9844
35133948,9852
35143808,9860
35153648,9840
35163504,9856
35173360,9856
35183204,9844
35193064,9860
35202904,9840
35212764,9860
35222600,9836
35232448,9848
35242296,9848
35252140,9844
35261976,9836
35271828,9852
35281660,9832
35291512,9852
35301344,9832
35311196,9852
35321032,9836
35330880,9848
35340716,9836
35350556,9840
35360388,9832
35370224,9836
35380056,9832
35389880,9824
35399700,9820
35409532,9832
35419372,9840
35429204,9832
35439040,9836
35448880,9840
35458708,9828
35468548,9840
35478376,9828
35488204,9828
35498040,9836
35507884,9844
35517720,9836
35527556,9836
35537392,9836
35547248,9856
35557076,9828
35566920,9844
35576760,9840
35586620,9860
35596464,9844
35606300,9836
35616148,9848
35626000,9852
35635856,9856
35645712,9856
35655552,9840
35665424,9872
35675272,9848
35685128,9856
35694984,9856
35704828,9844
35714680,9852
35724532,9852
35734392,9860
35744244,9852
35754096,9852
35763952,9856
35773808,9856
35783664,9856
35793524,9860
35803368,9844
35813236,9868
35823080,9844
35832940,9860
35842788,9848
35852640,9852
35862496,9856
35872348,9852
35882212,9864
35892056,9844
35901920,9864
35911760,9840
35921616,9856
35931456,9840
35941300,9844
35951152,9852
35961004,9852
35970852,9848
35980700,9848
35990556,9856
36000416,9860
36010268,9852
36020124,9856
36029976,9852
36039828,9852
36049676,9848
36059524,9848
36069388,9864
36079220,9832
36089072,9852
36098916,9844
36108752,9836
36118588,9836
36128436,9848
36138284,9848
36148128,9844
36157980,9852
36167816,9836
36177676,9860
36187512,9836
36197372,9860
36207216,9844
36217060,9844
36226912,9852
36236772,9860
36246616,9844
36256468,9852
36266320,9852
36276176,9856
36286032,9856
36295896,9864
36305744,9848
36315592,9848
36325448,9856
36335304,9856
36345156,9852
36355016,9860
36364868,9852
36374732,9864
36384588,9856
36394444,9856
36404300,9856
36414152,9852
36424012,9860
36433876,9864
36443720,9844
36453580,9860
36463436,9856
36473292,9856
36483140,9848
36492992,9852
36502824,9832
36512688,9864
36522524,9836
36532376,9852
36542220,9844
36552072,9852
36561916,9844
36571772,9856
36581620,9848
36591468,9848
36601320,9852
36611172,9852
36621020,9848
36630872,9852
36640716,9844
36650556,9840
36660392,9836
36670240,9848
36680076,9836
36689928,9852
36699760,9832
36709600,9840
36719432,9832
36729272,9840
36739108,9836
36748956,9848
36758776,9820
36768624,9848
36778460,9836
36788288,9828
36798132,9844
36807960,9828
36817800,9840
36827640,9840
36837476,9836
36847304,9828
36857148,9844
36866972,9824
36876816,9844
36886644,9828
36896480,9836
36906320,9840
36916160,9840
36926000,9840
36935832,9832
36945668,9836
36955500,9832
36965344,9844
36975184,9840
36985020,9836
36994856,9836
37004688,9832
37014524,9836
37024368,9844
37034212,9844
37044052,9840
37053880,9828
37063724,9844
37073564,9840
37083408,9844
37093260,9852
37103096,9836
37112936,9840
37122780,9844
37132620,9840
37142464,9844
37152288,9824
37162124,9836
37171968,9844
37181804,9836
37191640,9836
37201476,9836
37211316,9840
37221144,9828
37230972,9828
37240816,9844
37250640,9824
37260476,9836
37270312,9836
37280148,9836
37289980,9832
37299816,9836
37309640,9824
37319472,9832
37329312,9840
37339160,9848
37348996,9836
37358832,9836
37368664,9832
37378516,9852
37388356,9840
37398200,9844
37408036,9836
37417892,9856
37427732,9840
37437584,9852
37447436,9852
37457280,9844
37467120,9840
37476964,9844
37486808,9844
37496660,9852
37506500,9840
37516352,9852
37526200,9848
37536048,9848
37545912,9864
37555760,9848
37565612,9852
37575460,9848
37585308,9848
37595164,9856
37605008,9844
37614860,9852
37624732,9872
37634548,9816
37644392,9844
37654244,9852
37664092,9848
37673928,9836
37683760,9832
37693604,9844
37703456,9852
37713300,9844
37723128,9828
37732984,9856
37742820,9836
37752668,9848
37762504,9836
37772360,9856
37782204,9844
37792040,9836
37801900,9860
37811752,9852
37821588,9836
37831436,9848
37841288,9852
37851136,9848
37860972,9836
37870824,9852
37880672,9848
37890512,9840
37900360,9848
37910208,9848
37920044,9836
37929892,9848
37939740,9848
37949580,9840
37959436,9856
37969280,9844
37979144,9864
37988992,9848
37998828,9836
38008692,9864
38018540,9848
38028396,9856
38038252,9856
38048108,9856
38057948,9840
38067808,9860
38077652,9844
38087508,9856
38097352,9844
38107196,9844
38117036,9840
38126908,9872
38136720,9812
38146564,9844
38156396,9832
38166244,9848
38176080,9836
38185928,9848
38195776,9848
38205628,9852
38215476,9848
38225324,9848
38235168,9844
38245024,9856
38254868,9844
38264720,9852
38274564,9844
38284412,9848
38294252,9840
38304112,9860
38313948,9836
38323808,9860
38333656,9848
38343500,9844
38353340,9840
38363180,9840
38373028,9848
38382868,9840
38392716,9848
38402552,9836
38412392,9840
38422220,9828
38432060,9840
38441904,9844
38451756,9852
38461604,9848
38471452,9848
38481288,9836
38491132,9844
38500972,9840
38510824,9852
38520668,9844
38530508,9840
38540344,9836
38550188,9844
38560028,9840
38569872,9844
38579708,9836
38589532,9824
38599376,9844
38609204,9828
38619048,9844
38628872,9824
38638708,9836
38648544,9836
38658380,9836
38668228,9848
38678064,9836
38687908,9844
38697748,9840
38707592,9844
38717428,9836
38727276,9848
38737132,9856
38746980,9848
38756832,9852
38766684,9852
38776544,9860
38786396,9852
38796240,9844
38806096,9856
38815944,9848
38825776,9832
38835616,9840
38845452,9836
38855272,9820
38865108,9836
38874944,9836
38884776,9832
38894620,9844
38904460,9840
38914304,9844
38924144,9840
38933988,9844
38943832,9844
38953688,9856
38963536,9848
38973396,9860
38983248,9852
38993100,9852
39002960,9860
39012812,9852
39022664,9852
39032524,9860
39042376,9852
39052236,9860
39062100,9864
39071956,9856
39081816,9860
39091680,9864
39101544,9864
39111408,9864
39121272,9864
39131132,9860
39141000,9868
39150868,9868
39160712,9844
39170580,9868
39180444,9864
39190304,9860
39200156,9852
39210024,9868
39219896,9872
39229748,9852
39239608,9860
39249460,9852
39259312,9852
39269172,9860
39279040,9868
39288908,9868
39298768,9860
39308636,9868
39318496,9860
39328348,9852
39338224,9876
39348092,9868
39357948,9856
39367820,9872
39377688,9868
39387544,9856
39397416,9872
