10229676,10229676
10280832,51156
10319400,38568
10352524,33124
10382432,29908
10410024,27592
10435972,25948
10460636,24664
10484188,23552
10506788,22600
10529020,22232
10551252,22232
10573532,22280
10595980,22448
10618548,22568
10641280,22732
10664136,22856
10687160,23024
10710300,23140
10733584,23284
10756992,23408
10780500,23508
10804128,23628
10827888,23760
10851756,23868
10875748,23992
10899816,24068
10924000,24184
10948296,24296
10972688,24392
10997212,24524
11021736,24524
11046396,24660
11071136,24740
11095888,24752
11120696,24808
11145604,24908
11170608,25004
11195684,25076
11220832,25148
11246064,25232
11271360,25296
11296732,25372
11322176,25444
11347692,25516
11373252,25560
11398888,25636
11424568,25680
11450320,25752
11476116,25796
11501968,25852
11527864,25896
11553812,25948
11579792,25980
11605816,26024
11631860,26044
11657932,26072
11684044,26112
11710188,26144
11736364,26176
11762596,26232
11788796,26200
11814984,26188
11841128,26144
11867340,26212
11893564,26224
11919836,26272
11946120,26284
11972440,26320
11998744,26304
12025092,26348
12051444,26352
12077852,26408
12104268,26416
12130716,26448
12157176,26460
12183668,26492
12210184,26516
12236716,26532
12263256,26540
12289832,26576
12316400,26568
12342984,26584
12369576,26592
12396216,26640
12422840,26624
12449512,26672
12476168,26656
12502824,26656
12529464,26640
12556136,26672
12582792,26656
12609496,26704
12636188,26692
12662924,26736
12689660,26736
12716448,26788
12743176,26728
12769976,26800
12796748,26772
12823564,26816
12850360,26796
12877196,26836
12904000,26804
12930860,26860
12957700,26840
12984572,26872
13011432,26860
13038316,26884
13065184,26868
13092084,26900
13118968,26884
13145864,26896
13172748,26884
13199644,26896
13226528,26884
13253436,26908
13280264,26828
13307064,26800
13333880,26816
13360716,26836
13387548,26832
13414416,26868
13441260,26844
13468132,26872
13494992,26860
13521868,26876
13548704,26836
13575564,26860
13602408,26844
13629236,26828
13656072,26836
13682916,26844
13709760,26844
13736620,26860
13763480,26860
13790344,26864
13817196,26852
13844052,26856
13870880,26828
13897736,26856
13924576,26840
13951436,26860
13978288,26852
14005172,26884
14032040,26868
14058940,26900
14085760,26820
14112572,26812
14139360,26788
14166172,26812
14192984,26812
14219808,26824
14246644,26836
14273472,26828
14300268,26796
14327120,26852
14353952,26832
14380788,26836
14407596,26808
14434432,26836
14461256,26824
14488104,26848
14514932,26828
14541808,26876
14568656,26848
14595532,26876
14622392,26860
14649288,26896
14676152,26864
14703044,26892
14729924,26880
14756784,26860
14783632,26848
14810512,26880
14837380,26868
14864264,26884
14891128,26864
14917996,26868
14944852,26856
14971712,26860
14998540,26828
15025376,26836
15052224,26848
15079092,26868
15105928,26836
15132812,26884
15159680,26868
15186564,26884
15213440,26876
15240348,26908
15267232,26884
15294124,26892
15320980,26856
15347852,26872
15374684,26832
15401512,26828
15428340,26828
15455200,26860
15482036,26836
15508896,26860
15535744,26848
15562620,26876
15589472,26852
15616320,26848
15643160,26840
15670008,26848
15696852,26844
15723720,26868
15750564,26844
15777448,26884
15804316,26868
15831184,26868
15857956,26772
15884716,26760
15911452,26736
15938196,26744
15964940,26744
15991676,26736
16018356,26680
16045048,26692
16071760,26712
16098516,26756
16125240,26724
16152024,26784
16178780,26756
16205588,26808
16232368,26780
16259148,26780
16285828,26680
16312548,26720
16339212,26664
16365924,26712
16392612,26688
16419352,26740
16446092,26740
16472856,26764
16499612,26756
16526408,26796
16553188,26780
16580008,26820
16606828,26820
16633672,26844
16660500,26828
16687380,26880
16714224,26844
16741124,26900
16767992,26868
16794908,26916
16821808,26900
16848736,26928
16875648,26912
16902568,26920
16929460,26892
16956368,26908
16983280,26912
17010220,26940
17037112,26892
17064040,26928
17090948,26908
17117892,26944
17144796,26904
17171712,26916
17198608,26896
17225544,26936
17252472,26928
17279420,26948
17306336,26916
17333264,26928
17360180,26916
17387080,26900
17413972,26892
17440896,26924
17467808,26912
17494748,26940
17521688,26940
17548616,26928
17575524,26908
17602464,26940
17629396,26932
17656352,26956
17683288,26936
17710264,26976
17737220,26956
17764208,26988
17791184,26976
17818180,26996
17845156,26976
17872152,26996
17899128,26976
17926092,26964
17953056,26964
17980032,26976
18007012,26980
18034008,26996
18060984,26976
18088000,27016
18114984,26984
18141996,27012
18168996,27000
18196016,27020
18223032,27016
18250044,27012
18277060,27016
18304100,27040
18331104,27004
18358144,27040
18385176,27032
18412212,27036
18439276,27064
18466284,27008
18493320,27036
18520368,27048
18547408,27040
18574464,27056
18601504,27040
18628560,27056
18655616,27056
18682684,27068
18709724,27040
18736788,27064
18763844,27056
18790896,27052
18817944,27048
18845016,27072
18872048,27032
18899080,27032
18926076,26996
18953112,27036
18980112,27000
19007156,27044
19034164,27008
19061208,27044
19088236,27028
19115244,27008
19142240,26996
19169264,27024
19196260,26996
19223280,27020
19250288,27008
19277308,27020
19304324,27016
19331364,27040
19358376,27012
19385424,27048
19412444,27020
19439484,27040
19466520,27036
19493568,27048
19520604,27036
19547580,26976
19574508,26928
19601428,26920
19628328,26900
19655192,26864
19681984,26792
19708820,26836
19735652,26832
19762508,26856
19789344,26836
19816188,26844
19843048,26860
19869916,26868
19896792,26876
19923700,26908
19950600,26900
19977508,26908
20004416,26908
20031356,26940
20058288,26932
20085212,26924
20112072,26860
20138940,26868
20165784,26844
20192628,26844
20219464,26836
20246336,26872
20273188,26852
20300088,26900
20326976,26888
20353884,26908
20380788,26904
20407720,26932
20434648,26928
20461588,26940
20488536,26948
20515504,26968
20542452,26948
20569436,26984
20596404,26968
20623412,27008
20650368,26956
20677352,26984
20704316,26964
20731300,26984
20758288,26988
20785296,27008
20812284,26988
20839308,27024
20866308,27000
20893344,27036
20920308,26964
20947308,27000
20974296,26988
21001292,26996
21028256,26964
21055240,26984
21082192,26952
21109188,26996
21136160,26972
21163164,27004
21190152,26988
21217168,27016
21244160,26992
21271180,27020
21298188,27008
21325176,26988
21352144,26968
21379144,27000
21406108,26964
21433080,26972
21460032,26952
21487012,26980
21513984,26972
21540984,27000
21567960,26976
21594964,27004
21621948,26984
21648960,27012
21675960,27000
21702960,27000
21729940,26980
21756948,27008
21783936,26988
21810952,27016
21837948,26996
21864980,27032
21891980,27000
21919028,27048
21946040,27012
21973080,27040
22000108,27028
22027164,27056
22054188,27024
22081232,27044
22108264,27032
22135328,27064
22162356,27028
22189420,27064
22216456,27036
22243480,27024
22270496,27016
22297532,27036
22324540,27008
22351592,27052
22378600,27008
22405636,27036
22432636,27000
22459652,27016
22486664,27012
22513688,27024
22540684,26996
22567692,27008
22594668,26976
22621680,27012
22648656,26976
22675664,27008
22702628,26964
22729624,26996
22756552,26928
22783524,26972
22810464,26940
22837444,26980
22864412,26968
22891400,26988
22918380,26980
22945336,26956
22972288,26952
22999268,26980
23026220,26952
23053208,26988
23080160,26952
23107124,26964
23134096,26972
23161064,26968
23188012,26948
23214952,26940
23241872,26920
23268836,26964
23295776,26940
23322732,26956
23349648,26916
23376588,26940
23403524,26936
23430456,26932
23457364,26908
23484300,26936
23511216,26916
23538156,26940
23565068,26912
23591980,26912
23618892,26912
23645812,26920
23672660,26848
23699504,26844
23726276,26772
23753108,26832
23779928,26820
23806752,26824
23833564,26812
23860408,26844
23887248,26840
23914044,26796
23940804,26760
23967564,26760
23994332,26768
24021128,26796
24047932,26804
24074764,26832
24101600,26836
24128468,26868
24155320,26852
24182208,26888
24209076,26868
24235984,26908
24262876,26892
24289792,26916
24316700,26908
24343640,26940
24370556,26916
24397464,26908
24424264,26800
24451084,26820
24477880,26796
24504712,26832
24531540,26828
24558404,26864
24585256,26852
24612100,26844
24638912,26812
24665680,26768
24692396,26716
24719180,26784
24745948,26768
24772752,26804
24799532,26780
24826348,26816
24853148,26800
24879968,26820
24906796,26828
24933644,26848
24960448,26804
24987300,26852
25014144,26844
25041020,26876
25067872,26852
25094764,26892
25121648,26884
25148552,26904
25175448,26896
25202380,26932
25229296,26916
25256244,26948
25283208,26964
25310108,26900
25336944,26836
25363752,26808
25390572,26820
25417404,26832
25444212,26808
25471024,26812
25497840,26816
25524684,26844
25551516,26832
25578380,26864
25605232,26852
25632120,26888
25658964,26844
25685840,26876
25712688,26848
25739580,26892
25766456,26876
25793348,26892
25820220,26872
25847092,26872
25873952,26860
25900820,26868
25927692,26872
25954584,26892
25981468,26884
26008368,26900
26035252,26884
26062168,26916
26089036,26868
26115836,26800
26142548,26712
26169244,26696
26195948,26704
26222664,26716
26249392,26728
26276156,26764
26302896,26740
26329684,26788
26356448,26764
26383256,26808
26410052,26796
26436864,26812
26463668,26804
26490504,26836
26517332,26828
26544176,26844
26571012,26836
26597780,26768
26624508,26728
26651260,26752
26678012,26752
26704776,26764
26731508,26732
26758236,26728
26784952,26716
26811704,26752
26838440,26736
26865220,26780
26891988,26768
26918752,26764
26945424,26672
26972092,26668
26998780,26688
27025488,26708
27052208,26720
27078960,26752
27105692,26732
27132492,26800
27159260,26768
27186072,26812
27212876,26804
27239720,26844
27266548,26828
27293408,26860
27320252,26844
27347104,26852
27373936,26832
27400816,26880
27427672,26856
27454572,26900
27481456,26884
27508356,26900
27535264,26908
27562204,26940
27589120,26916
27616060,26940
27642964,26904
27669880,26916
27696804,26924
27723736,26932
27750672,26936
27777628,26956
27804576,26948
27831544,26968
27858516,26972
27885500,26984
27912480,26980
27939480,27000
27966476,26996
27993476,27000
28020484,27008
28047504,27020
28074508,27004
28101548,27040
28128552,27004
28155604,27052
28182620,27016
28209660,27040
28236696,27036
28263760,27064
28290768,27008
28317728,26960
28344648,26920
28371576,26928
28398484,26908
28425432,26948
28452356,26924
28479312,26956
28506212,26900
28533152,26940
28560044,26892
28586920,26876
28613708,26788
28640524,26816
28667340,26816
28694172,26832
28720992,26820
28747804,26812
28774524,26720
28801280,26756
28828020,26740
28854772,26752
28881512,26740
28908272,26760
28935004,26732
28961780,26776
28988560,26780
29015356,26796
29042144,26788
29068968,26824
29095780,26812
29122608,26828
29149412,26804
29176260,26848
29203064,26804
29229936,26872
29256740,26804
29283576,26836
29310400,26824
29337260,26860
29364100,26840
29390976,26876
29417852,26876
29444752,26900
29471636,26884
29498540,26904
29525412,26872
29552308,26896
29579184,26876
29606100,26916
29632992,26892
29659884,26892
29686744,26860
29713612,26868
29740472,26860
29767348,26876
29794228,26880
29821140,26912
29848032,26892
29874928,26896
29901796,26868
29928688,26892
29955580,26892
29982496,26916
30009392,26896
30036164,26772
30061172,25008
30082424,21252
30100584,18160
30116740,16156
30131540,14800
30145428,13888
30158656,13228
30171352,12696
30183632,12280
30195720,12088
30207696,11976
30219648,11952
30231580,11932
30243500,11920
30255408,11908
30267332,11924
30279236,11904
30291168,11932
30303124,11956
30315112,11988
30327092,11980
30339112,12020
30351100,11988
30363092,11992
30375100,12008
30387152,12052
30399188,12036
30411216,12028
30423224,12008
30435256,12032
30447284,12028
30459316,12032
30471328,12012
30483360,12032
30495368,12008
30507412,12044
30519428,12016
30531464,12036
30543472,12008
30555512,12040
30567524,12012
30579552,12028
30591564,12012
30603604,12040
30615608,12004
30627648,12040
30639648,12000
30651696,12048
30663720,12024
30675784,12064
30687828,12044
30699912,12084
30711972,12060
30724056,12084
30736124,12068
30748216,12092
30760280,12064
30772372,12092
30784452,12080
30796552,12100
30808632,12080
30820744,12112
30832820,12076
30844936,12116
30857016,12080
30869124,12108
30881220,12096
30893328,12108
30905416,12088
30917544,12128
30929636,12092
30941756,12120
30953844,12088
30965968,12124
30978064,12096
30990216,12152
31002368,12152
31014548,12180
31026724,12176
31038932,12208
31051108,12176
31063308,12200
31075492,12184
31087684,12192
31099856,12172
31112044,12188
31124212,12168
31136396,12184
31148552,12156
31160732,12180
31172888,12156
31185072,12184
31197224,12152
31209392,12168
31221536,12144
31233696,12160
31245844,12148
31258028,12184
31270184,12156
31282368,12184
31294536,12168
31306720,12184
31318864,12144
31331056,12192
31343208,12152
31355376,12168
31367532,12156
31379696,12164
31391852,12156
31404016,12164
31416168,12152
31428356,12188
31440536,12180
31452740,12204
31464908,12168
31477124,12216
31489312,12188
31501540,12228
31513744,12204
31525976,12232
31538168,12192
31550376,12208
31562576,12200
31574788,12212
31586996,12208
31599220,12224
31611444,12224
31623676,12232
31635876,12200
31648096,12220
31660292,12196
31672512,12220
31684728,12216
31696976,12248
31709196,12220
31721432,12236
31733640,12208
31745872,12232
31758072,12200
31770296,12224
31782476,12180
31794692,12216
31806884,12192
31819092,12208
31831300,12208
31843532,12232
31855748,12216
31868000,12252
31880228,12228
31892476,12248
31904708,12232
31916956,12248
31929164,12208
31941424,12260
31953644,12220
31965908,12264
31978144,12236
31990396,12252
32002616,12220
32014860,12244
32027096,12236
32039352,12256
32051588,12236
32063852,12264
32076068,12216
32088320,12252
32100544,12224
32112796,12252
32125028,12232
32137292,12264
32149512,12220
32161748,12236
32173968,12220
32186220,12252
32198460,12240
32210712,12252
32222928,12216
32235176,12248
32247400,12224
32259640,12240
32271844,12204
32284076,12232
32296272,12196
32308528,12256
32320736,12208
32332988,12252
32345252,12264
32357516,12264
32369752,12236
32382032,12280
32394264,12232
32406536,12272
32418768,12232
32431040,12272
32443304,12264
32455616,12312
32467884,12268
32480208,12324
32492476,12268
32504772,12296
32517052,12280
32529320,12268
32541580,12260
32553848,12268
32566080,12232
32578344,12264
32590564,12220
32602812,12248
32615044,12232
32627300,12256
32639540,12240
32651812,12272
32664044,12232
32676308,12264
32688544,12236
32700820,12276
32713072,12252
32725356,12284
32737572,12216
32749828,12256
32762044,12216
32774292,12248
32786496,12204
32798736,12240
32810932,12196
32823144,12212
32835340,12196
32847560,12220
32859736,12176
32871940,12204
32884136,12196
32896384,12248
32908600,12216
32920876,12276
32933112,12236
32945404,12292
32957620,12216
32969888,12268
32982104,12216
32994364,12260
33006580,12216
33018820,12240
33031056,12236
33043320,12264
33055548,12228
33067784,12236
33080012,12228
33092248,12236
33104460,12212
33116692,12232
33128880,12188
33141104,12224
33153292,12188
33165508,12216
33177688,12180
33189908,12220
33202080,12172
33214300,12220
33226504,12204
33238712,12208
33250936,12224
33263168,12232
33275368,12200
33287588,12220
33299780,12192
33312000,12220
33324196,12196
33336412,12216
33348592,12180
33360800,12208
33372988,12188
33385188,12200
33397368,12180
33409604,12236
33421796,12192
33434032,12236
33446264,12232
33458528,12264
33470748,12220
33483012,12264
33495224,12212
33507480,12256
33519688,12208
33531924,12236
33544136,12212
33556364,12228
33568572,12208
33580796,12224
33592984,12188
33605200,12216
33617396,12196
33629600,12204
33641808,12208
33654044,12236
33666260,12216
33678488,12228
33690708,12220
33702940,12232
33715148,12208
33727368,12220
33739564,12196
33751784,12220
33763968,12184
33776184,12216
33788372,12188
33800580,12208
33812768,12188
33824984,12216
33837148,12164
33849352,12204
33861524,12172
33873728,12204
33885892,12164
33898092,12200
33910264,12172
33922464,12200
33934632,12168
33946820,12188
33958980,12160
33971180,12200
33983348,12168
33995532,12184
34007720,12188
34019928,12208
34032132,12204
34044348,12216
34056548,12200
34068768,12220
34080948,12180
34093164,12216
34105340,12176
34117556,12216
34129728,12172
34141936,12208
34154128,12192
34166324,12196
34178508,12184
34190712,12204
34202880,12168
34215076,12196
34227252,12176
34239452,12200
34251612,12160
34263808,12196
34275976,12168
34288180,12204
34300344,12164
34312548,12204
34324716,12168
34336912,12196
34349100,12188
34361336,12236
34373528,12192
34385760,12232
34397960,12200
34410180,12220
34422372,12192
34434596,12224
34446792,12196
34459008,12216
34471196,12188
34483428,12232
34495640,12212
34507880,12240
34520088,12208
34532320,12232
34544504,12184
34556716,12212
34568892,12176
34581084,12192
34593256,12172
34605440,12184
34617592,12152
34629780,12188
34641940,12160
34654152,12212
34666320,12168
34678520,12200
34690676,12156
34702876,12200
34715044,12168
34727232,12188
34739392,12160
34751580,12188
34763744,12164
34775928,12184
34788084,12156
34800260,12176
34812416,12156
34824600,12184
34836752,12152
34848940,12188
34861100,12160
34873264,12164
34885416,12152
34897600,12184
34909756,12156
34921932,12176
34934072,12140
34946256,12184
34958404,12148
34970588,12184
34982724,12136
34994904,12180
35007060,12156
35019240,12180
35031380,12140
35043564,12184
35055700,12136
35067884,12184
35080028,12144
35092200,12172
35104352,12152
35116536,12184
35128708,12172
35140920,12212
35153092,12172
35165292,12200
35177476,12184
35189676,12200
35201856,12180
35214060,12204
35226244,12184
35238440,12196
35250612,12172
35262812,12200
35274996,12184
35287216,12220
35299408,12192
35311632,12224
35323824,12192
35336056,12232
35348276,12220
35360520,12244
35372756,12236
35385020,12264
35397268,12248
35409540,12272
35421780,12240
35434048,12268
35446280,12232
35458544,12264
35470764,12220
35483044,12280
35495292,12248
35507564,12272
35519804,12240
35532076,12272
35544324,12248
35556588,12264
35568808,12220
35581084,12276
35593336,12252
35605620,12284
35617884,12264
35630168,12284
35642412,12244
35654680,12268
35666936,12256
35679240,12304
35691488,12248
35703784,12296
35716036,12252
35728304,12268
35740564,12260
35752864,12300
35765128,12264
35777424,12296
35789696,12272
35801988,12292
35814240,12252
35826508,12268
35838756,12248
35851028,12272
35863260,12232
35875540,12280
35887776,12236
35900036,12260
35912256,12220
35924504,12248
35936736,12232
35949004,12268
35961248,12244
35973532,12284
35985780,12248
35998044,12264
36010284,12240
36022540,12256
36034764,12224
36047012,12248
36059224,12212
36071476,12252
36083688,12212
36095932,12244
36108140,12208
36120364,12224
36132568,12204
36144800,12232
36156996,12196
36169220,12224
36181396,12176
36193616,12220
36205800,12184
36218016,12216
36230204,12188
36242408,12204
36254580,12172
36266792,12212
36278976,12184
36291184,12208
36303352,12168
36315552,12200
36327724,12172
36339936,12212
36352092,12156
36364340,12248
36376468,12128
36388672,12204
36400832,12160
36413020,12188
36425172,12152
36437356,12184
36449500,12144
36461660,12160
36473796,12136
36485964,12168
36498080,12116
36510236,12156
36522348,12112
36534508,12160
36546608,12100
36558752,12144
36570864,12112
36582992,12128
36595084,12092
36607220,12136
36619308,12088
36631428,12120
36643516,12088
36655636,12120
36667728,12092
36679844,12116
36691912,12068
36704032,12120
36716100,12068
36728212,12112
36740292,12080
36752400,12108
36764464,12064
36776552,12088
36788628,12076
36800724,12096
36812792,12068
36824896,12104
36837000,12104
36849140,12140
36861236,12096
36873380,12144
36885492,12112
36897640,12148
36909748,12108
36921908,12160
36934016,12108
36946184,12168
36958300,12116
36970452,12152
36982580,12128
36994736,12156
37006868,12132
37019036,12168
37031160,12124
37043328,12168
37055472,12144
37067628,12156
37079776,12148
37091932,12156
37104068,12136
37116252,12184
37128392,12140
37140568,12176
37152700,12132
37164884,12184
37177020,12136
37189192,12172
37201336,12144
37213508,12172
37225660,12152
37237844,12184
37250008,12164
37262216,12208
37274392,12176
37286624,12232
37298788,12164
37310996,12208
37323172,12176
37335380,12208
37347548,12168
37359764,12216
37371920,12156
37384132,12212
37396296,12164
37408504,12208
37420664,12160
37432868,12204
37445036,12168
37457220,12184
37469392,12172
37481604,12212
37493792,12188
37506016,12224
37518216,12200
37530456,12240
37542648,12192
37554868,12220
37567052,12184
37579288,12236
37591508,12220
37603760,12252
37615976,12216
37628212,12236
37640424,12212
37652660,12236
37664876,12216
37677108,12232
37689308,12200
37701536,12228
37713724,12188
37725956,12232
37738140,12184
37750364,12224
37762540,12176
37774764,12224
37786944,12180
37799160,12216
37811336,12176
37823552,12216
37835728,12176
37847936,12208
37860112,12176
37872320,12208
37884488,12168
37896688,12200
37908860,12172
37921068,12208
37933244,12176
37945460,12216
37957676,12216
37969928,12252
37982164,12236
37994436,12272
38006684,12248
38018964,12280
38031200,12236
38043484,12284
38055696,12212
38067968,12272
38080196,12228
38092480,12284
38104744,12264
38117024,12280
38129280,12256
38141552,12272
38153792,12240
38166072,12280
38178304,12232
38190560,12256
38202784,12224
38215040,12256
38227256,12216
38239520,12264
38251728,12208
38263976,12248
38276176,12200
38288416,12240
38300620,12204
38312860,12240
38325060,12200
38337292,12232
38349484,12192
38361708,12224
38373916,12208
38386132,12216
38398320,12188
38410544,12224
38422736,12192
38434956,12220
38447140,12184
38459348,12208
38471536,12188
38483740,12204
38495920,12180
38508128,12208
38520304,12176
38532524,12220
38544708,12184
38556940,12232
38569144,12204
38581388,12244
38593592,12204
38605820,12228
38618016,12196
38630236,12220
38642432,12196
38654656,12224
38666840,12184
38679072,12232
38691244,12172
38703468,12224
38715644,12176
38727860,12216
38740040,12180
38752264,12224
38764424,12160
38776640,12216
38788828,12188
38801072,12244
38813276,12204
38825508,12232
38837708,12200
38849932,12224
38862124,12192
38874364,12240
38886548,12184
38898780,12232
38910964,12184
38923176,12212
38935364,12188
38947580,12216
38959764,12184
38971968,12204
38984156,12188
38996352,12196
39008528,12176
39020736,12208
39032912,12176
39045128,12216
39057288,12160
39069492,12204
39081672,12180
39093892,12220
39106108,12216
39118324,12216
39130516,12192
39142756,12240
39154948,12192
39167196,12248
39179416,12220
39191668,12252
39203904,12236
39216200,12296
39228452,12252
39240744,12292
39253016,12272
39265312,12296
39277592,12280
39289928,12336
39302220,12292
39314540,12320
39326824,12284
39339136,12312
39351404,12268
39363712,12308
39375964,12252
39388248,12284
39400508,12260
39412792,12284
39425020,12228
39437296,12276
39449516,12220
39461808,12292
39474044,12236
39486340,12296
39498588,12248
39510860,12272
39523116,12256
39535420,12304
39547684,12264
39559980,12296
39572236,12256
39584516,12280
39596764,12248
39609036,12272
39621292,12256
39633580,12288
39645844,12264
39658124,12280
39670380,12256
39682672,12292
39694908,12236
39707188,12280
39719420,12232
39731688,12268
39743936,12248
39756168,12232
39768392,12224
39780648,12256
39792888,12240
39805168,12280
39817400,12232
39829668,12268
39841896,12228
39854164,12268
39866380,12216
39878640,12260
39890844,12204
39903088,12244
39915292,12204
39927544,12252
39939744,12200
39951968,12224
39964168,12200
39976400,12232
39988588,12188
40000816,12228
40013032,12216
40025280,12248
40037480,12200
40049732,12252
40061936,12204
40074156,12220
40086372,12216
40098588,12216
40110776,12188
40123004,12228
40135176,12172
40147408,12232
40159576,12168
40171780,12204
40183960,12180
40196164,12204
40208356,12192
40220572,12216
40232776,12204
40245008,12232
40257192,12184
40269412,12220
40281608,12196
40293828,12220
40306012,12184
40318212,12200
40330384,12172
40342596,12212
40354760,12164
40366976,12216
40379144,12168
40391332,12188
40403496,12164
40415700,12204
40427868,12168
40440068,12200
40452224,12156
40464408,12184
40476568,12160
40488760,12192
40500920,12160
40513108,12188
40525260,12152
40537444,12184
40549604,12160
40561812,12208
40573988,12176
40586196,12208
40598380,12184
40610604,12224
40622800,12196
40635036,12236
40647236,12200
40659484,12248
40671720,12236
40683980,12260
40696220,12240
40708484,12264
40720700,12216
40732952,12252
40745168,12216
40757400,12232
40769608,12208
40781848,12240
40794048,12200
40806280,12232
40818480,12200
40830704,12224
40842884,12180
40855104,12220
40867288,12184
40879520,12232
40891728,12208
40903968,12240
40916176,12208
40928424,12248
40940624,12200
40952864,12240
40965060,12196
40977288,12228
40989492,12204
41001748,12256
41013968,12220
41026216,12248
41038412,12196
41050648,12236
41062856,12208
41075076,12220
41087276,12200
41099492,12216
41111664,12172
41123888,12224
41136052,12164
41148268,12216
41160436,12168
41172640,12204
41184820,12180
41197020,12200
41209176,12156
41221368,12192
41233524,12156
41245724,12200
41257884,12160
41270072,12188
41282236,12164
41294424,12188
41306572,12148
41318756,12184
41330912,12156
41343088,12176
41355240,12152
41367436,12196
41379620,12184
41391876,12256
41404084,12208
41416336,12252
41428552,12216
41440800,12248
41453004,12204
41465252,12248
41477452,12200
41489688,12236
41501880,12192
41514132,12252
41526348,12216
41538612,12264
41550868,12256
41563140,12272
41575372,12232
41587636,12264
41599868,12232
41612124,12256
41624332,12208
41636588,12256
41648824,12236
41661048,12224
41673252,12204
41685484,12232
41697680,12196
41709900,12220
41722112,12212
41734364,12252
41746596,12232
41758876,12280
41771132,12256
41783424,12292
41795676,12252
41807968,12292
41820204,12236
41832472,12268
41844728,12256
41857008,12280
41869260,12252
41881552,12292
41893788,12236
41906072,12284
41918300,12228
41930556,12256
41942768,12212
41955020,12252
41967220,12200
41979468,12248
41991672,12204
42003896,12224
42016100,12204
42028344,12244
42040544,12200
42052796,12252
42065012,12216
42077256,12244
42089456,12200
42101696,12240
42113916,12220
42126180,12264
42138408,12228
42150660,12252
42162868,12208
42175124,12256
42187324,12200
42199572,12248
42211792,12220
42224064,12272
